0,4057
1,7592
2,4466
3,70
4,2238
5,8892
6,1963
7,280
8,2147
9,697
10,5336
11,1003
12,7370
13,1538
14,8448
15,5629
16,2813
17,4281
18,9341
19,926
20,3620
21,7407
22,8758
23,2017
24,5518
25,6350
26,5756
27,277
28,1027
29,8681
30,9694
31,187
32,4751
33,4426
34,1515
35,942
36,2654
37,9651
38,5194
39,6712
40,9028
41,5481
42,8100
43,3216
44,1882
45,1759
46,6761
47,7362
48,1259
49,9769
50,4929
51,5725
52,1593
53,5777
54,6568
55,5180
56,3583
57,3048
58,7641
59,6176
60,5137
61,2034
62,9892
63,8352
64,4933
65,1106
66,8988
67,7184
68,9414
69,5179
70,5401
71,8532
72,2893
73,6292
74,2530
75,4197
76,2672
77,2920
78,9468
79,2649
80,4069
81,3770
82,8966
83,9357
84,5946
85,8569
86,275
87,92
88,8932
89,3849
90,7273
91,5484
92,3541
93,8024
94,6480
95,7189
96,9988
97,7209
98,9643
99,1225
100,2188
101,200
102,9705
103,5904
104,5023
105,1148
106,3123
107,3895
108,4584
109,2498
110,8176
111,3971
112,9817
113,9044
114,3703
115,349
116,7015
117,9437
118,811
119,3924
120,7205
121,209
122,8707
123,626
124,4826
125,1203
126,9716
127,6796
128,2695
129,3730
130,518
131,2869
132,9133
133,9451
134,7405
135,6757
136,4265
137,7455
138,5639
139,1408
140,1306
141,7550
142,2937
143,5269
144,7171
145,7604
146,9655
147,7015
148,9763
149,360
150,4810
151,7014
152,3712
153,3030
154,3509
155,4300
156,1518
157,8939
158,2641
159,4252
160,8838
161,2715
162,5174
163,2128
164,4144
165,7907
166,2178
167,307
168,5123
169,5313
170,6767
171,7070
172,8174
173,4065
174,5680
175,1247
176,5443
177,3404
178,5426
179,9349
180,5645
181,157
182,7844
183,4651
184,7182
185,460
186,8361
187,1290
188,6462
189,3325
190,5667
191,417
192,5122
193,4975
194,6778
195,3976
196,5648
197,3718
198,8958
199,3370
200,1322
201,2296
202,4378
203,1903
204,6414
205,3611
206,2109
207,480
208,4365
209,1075
210,8509
211,8799
212,3954
213,3968
214,7285
215,8812
216,7120
217,7210
218,8722
219,3642
220,5272
221,2514
222,827
223,5746
224,595
225,5203
226,2394
227,7257
228,6293
229,6238
230,2938
231,4446
232,292
233,8385
234,4601
235,3231
236,3285
237,2930
238,2865
239,3388
240,5172
241,5434
242,7746
243,9176
244,1101
245,9798
246,9986
247,6087
248,5325
249,1715
250,8411
251,421
252,2900
253,305
254,2965
255,9981
256,1258
257,5314
258,2670
259,4917
260,3760
261,1148
262,1157
263,7920
264,2065
265,3354
266,3375
267,7015
268,5843
269,5782
270,98
271,6184
272,6184
273,9088
274,5598
275,5
276,5902
277,2627
278,1705
279,4709
280,3638
281,6157
282,2979
283,3630
284,5573
285,6693
286,1639
287,7782
288,2880
289,6779
290,818
291,7851
292,6478
293,3888
294,7677
295,4647
296,6598
297,1796
298,1306
299,6832
300,9604
301,1131
302,5189
303,3804
304,5215
305,2726
306,7016
307,249
308,1953
309,9154
310,7193
311,2641
312,7484
313,7209
314,2590
315,154
316,1672
317,2233
318,6603
319,7340
320,4783
321,5886
322,2695
323,6113
324,199
325,5441
326,8641
327,9910
328,1657
329,4733
330,8295
331,4464
332,2706
333,2134
334,5750
335,7699
336,8245
337,2318
338,9370
339,6370
340,661
341,1745
342,1944
343,1078
344,8709
345,901
346,208
347,7392
348,8679
349,3043
350,9403
351,2064
352,9881
353,7332
354,9305
355,3090
356,72
357,780
358,3885
359,1742
360,4409
361,4730
362,6466
363,7063
364,6027
365,281
366,6151
367,9001
368,7133
369,2025
370,5552
371,5873
372,6660
373,975
374,760
375,2279
376,2339
377,3867
378,985
379,1252
380,350
381,5129
382,6186
383,2677
384,4976
385,9284
386,175
387,4531
388,8765
389,8053
390,5048
391,2619
392,7053
393,2219
394,6493
395,8948
396,6769
397,1760
398,6246
399,3326
400,467
401,2932
402,7562
403,4095
404,7057
405,9416
406,9148
407,7165
408,3732
409,8410
410,3834
411,5031
412,7273
413,8247
414,519
415,2807
416,971
417,1085
418,6185
419,5728
420,8965
421,8250
422,2262
423,832
424,6071
425,5283
426,7732
427,1359
428,379
429,4705
430,2488
431,8469
432,1992
433,9208
434,4557
435,9626
436,4870
437,4121
438,5045
439,2103
440,7773
441,3790
442,9549
443,9087
444,4719
445,3572
446,4361
447,6512
448,9838
449,7119
450,3755
451,1101
452,3686
453,2234
454,3880
455,3664
456,1574
457,6278
458,3383
459,7240
460,3056
461,9146
462,4227
463,5006
464,3318
465,5667
466,1215
467,7915
468,3223
469,1062
470,3895
471,485
472,9204
473,5314
474,292
475,6454
476,4956
477,7280
478,7490
479,6445
480,260
481,9314
482,5072
483,7972
484,9172
485,5213
486,2962
487,9793
488,8218
489,9689
490,8340
491,8828
492,2577
493,1831
494,8550
495,9057
496,8383
497,3787
498,388
499,9820
500,7181
501,7487
502,1398
503,3687
504,5325
505,5257
506,5065
507,9639
508,553
509,7241
510,7683
511,199
512,7095
513,5495
514,8879
515,5586
516,8713
517,3781
518,9389
519,4407
520,1380
521,9468
522,1327
523,300
524,7587
525,4353
526,9681
527,4844
528,1776
529,4116
530,2097
531,9634
532,714
533,4049
534,6032
535,5206
536,5624
537,2624
538,248
539,8987
540,8663
541,2885
542,6712
543,7919
544,3715
545,9429
546,2814
547,4356
548,8658
549,2261
550,5955
551,350
552,3468
553,8254
554,2587
555,5168
556,7742
557,6771
558,7179
559,7884
560,7631
561,4050
562,9553
563,8284
564,6151
565,7167
566,8862
567,4386
568,6055
569,5433
570,2906
571,1166
572,38
573,845
574,9707
575,1470
576,4299
577,4188
578,2855
579,7200
580,6951
581,3608
582,8847
583,462
584,9280
585,349
586,311
587,8235
588,5557
589,264
590,8211
591,5664
592,860
593,1012
594,7259
595,9931
596,4509
597,2625
598,5103
599,1719
600,5
601,7365
602,8236
603,2573
604,9494
605,287
606,8877
607,9105
608,5018
609,7944
610,8187
611,2481
612,2589
613,9839
614,3318
615,2223
616,2276
617,3467
618,9379
619,4793
620,6064
621,2965
622,3112
623,900
624,1279
625,5330
626,6777
627,644
628,6027
629,3710
630,6152
631,2640
632,4440
633,4264
634,2435
635,8452
636,1257
637,1122
638,2745
639,5849
640,4724
641,7891
642,9972
643,2725
644,4736
645,7763
646,6957
647,2293
648,1410
649,7966
650,2590
651,4269
652,9773
653,3844
654,273
655,5642
656,7152
657,1597
658,9
659,7191
660,3271
661,8922
662,9007
663,9081
664,2579
665,4619
666,4628
667,6929
668,8306
669,8912
670,7546
671,5134
672,3732
673,6840
674,8053
675,9259
676,3420
677,3808
678,1816
679,267
680,4774
681,6570
682,730
683,9394
684,2327
685,871
686,3137
687,8064
688,6978
689,8606
690,3284
691,5220
692,1753
693,6510
694,5429
695,3171
696,6558
697,4027
698,3219
699,5375
700,8571
701,684
702,2581
703,1917
704,1259
705,5498
706,6079
707,7633
708,4437
709,7124
710,1784
711,4922
712,1345
713,7544
714,6746
715,2255
716,305
717,3940
718,6431
719,8729
720,9426
721,9448
722,8998
723,5128
724,159
725,5912
726,91
727,2408
728,4661
729,6432
730,9547
731,5328
732,1384
733,1441
734,2173
735,3254
736,838
737,1599
738,1680
739,69
740,7584
741,92
742,4727
743,8638
744,3293
745,9943
746,4141
747,7900
748,7752
749,708
750,2338
751,9520
752,6264
753,7427
754,7422
755,8517
756,137
757,6560
758,3732
759,3143
760,8909
761,5948
762,6981
763,8349
764,8589
765,5611
766,9338
767,4355
768,2431
769,4532
770,2719
771,6695
772,5559
773,3301
774,2460
775,6546
776,8684
777,7541
778,6565
779,7637
780,6745
781,4437
782,1513
783,7783
784,1437
785,4125
786,1913
787,9731
788,1098
789,3817
790,4892
791,457
792,8025
793,385
794,5323
795,1246
796,2433
797,6474
798,5457
799,2055
800,1848
801,5865
802,3808
803,8494
804,206
805,7865
806,4013
807,3098
808,137
809,912
810,9280
811,9232
812,3528
813,1227
814,9995
815,63
816,622
817,6450
818,7077
819,861
820,2852
821,6971
822,4464
823,9348
824,3529
825,7797
826,6281
827,3052
828,4698
829,9674
830,1007
831,1996
832,8251
833,6278
834,5324
835,2351
836,3910
837,3680
838,4353
839,8863
840,5357
841,3675
842,8723
843,1104
844,3712
845,4432
846,3916
847,2716
848,292
849,3205
850,2180
851,3
852,2618
853,8152
854,9425
855,4850
856,7725
857,7267
858,3377
859,3897
860,2528
861,3239
862,3525
863,3726
864,7503
865,8999
866,7362
867,9651
868,8619
869,4444
870,5715
871,2618
872,1728
873,8634
874,3500
875,8174
876,750
877,1881
878,5221
879,3540
880,7280
881,3989
882,8179
883,8916
884,4668
885,8277
886,8748
887,2579
888,4546
889,2641
890,8112
891,4740
892,2726
893,1723
894,11
895,2418
896,96
897,8603
898,7125
899,1450
900,8441
901,1965
902,8012
903,391
904,8847
905,9282
906,6121
907,5452
908,5227
909,1490
910,1168
911,4863
912,8397
913,5468
914,9290
915,267
916,4586
917,2777
918,9584
919,6748
920,8097
921,8747
922,3817
923,1509
924,4394
925,1625
926,1661
927,5935
928,6126
929,2888
930,4327
931,4984
932,3578
933,6564
934,2779
935,5
936,3131
937,5322
938,5427
939,2698
940,8878
941,4601
942,4938
943,7894
944,4288
945,7785
946,8800
947,8951
948,9777
949,4883
950,5712
951,4375
952,6555
953,4288
954,3224
955,4923
956,4878
957,324
958,3033
959,2348
960,2075
961,6377
962,7602
963,5174
964,2296
965,3912
966,7851
967,3288
968,9770
969,5498
970,4587
971,9829
972,3463
973,9873
974,5091
975,4175
976,4136
977,3579
978,7690
979,2896
980,5456
981,3690
982,744
983,4648
984,759
985,550
986,7964
987,4506
988,3635
989,3172
990,5749
991,7061
992,1008
993,4393
994,7545
995,6232
996,8873
997,4323
998,976
999,4498
1000,5741
1001,9170
1002,6911
1003,9410
1004,3351
1005,4462
1006,2648
1007,7032
1008,7048
1009,7773
1010,8244
1011,9187
1012,7967
1013,2049
1014,5512
1015,710
1016,1687
1017,1621
1018,2862
1019,2204
1020,1015
1021,3779
1022,2418
1023,18
1024,7295
1025,285
1026,6906
1027,5853
1028,7796
1029,3213
1030,77
1031,3259
1032,4895
1033,7987
1034,2169
1035,5810
1036,2438
1037,3782
1038,2047
1039,2169
1040,8186
1041,4876
1042,6162
1043,7063
1044,1880
1045,9860
1046,8660
1047,8774
1048,6036
1049,6851
1050,9091
1051,2585
1052,3210
1053,848
1054,5953
1055,4765
1056,1396
1057,4395
1058,1559
1059,1633
1060,2667
1061,4885
1062,5720
1063,9205
1064,7137
1065,6657
1066,6853
1067,3405
1068,4527
1069,4774
1070,9829
1071,3539
1072,9937
1073,8518
1074,191
1075,8153
1076,5634
1077,4484
1078,4323
1079,7257
1080,7419
1081,6277
1082,1825
1083,376
1084,9966
1085,8411
1086,1664
1087,441
1088,5798
1089,3631
1090,9477
1091,9956
1092,3055
1093,3294
1094,6034
1095,8179
1096,8389
1097,2235
1098,7271
1099,5242
1100,2826
1101,2045
1102,1895
1103,6837
1104,4457
1105,4720
1106,251
1107,2872
1108,7091
1109,8095
1110,6352
1111,2316
1112,1057
1113,4125
1114,2717
1115,4745
1116,6905
1117,1913
1118,1667
1119,9072
1120,6181
1121,9931
1122,8026
1123,8942
1124,7203
1125,295
1126,5043
1127,4455
1128,5832
1129,1294
1130,7900
1131,8944
1132,785
1133,2834
1134,2551
1135,6986
1136,4058
1137,6373
1138,8255
1139,1841
1140,798
1141,8627
1142,1514
1143,7931
1144,2096
1145,5748
1146,8550
1147,6120
1148,5325
1149,6792
1150,3774
1151,9387
1152,4934
1153,4726
1154,364
1155,2168
1156,6472
1157,2040
1158,3578
1159,3030
1160,6241
1161,3989
1162,725
1163,5768
1164,7371
1165,4328
1166,7793
1167,5419
1168,3202
1169,2151
1170,7232
1171,9535
1172,9038
1173,7115
1174,385
1175,7339
1176,3660
1177,973
1178,7386
1179,4054
1180,9310
1181,7854
1182,8172
1183,5717
1184,7519
1185,2914
1186,569
1187,8789
1188,398
1189,5332
1190,2976
1191,9041
1192,6516
1193,5315
1194,4212
1195,6152
1196,5062
1197,703
1198,9639
1199,4178
1200,8437
1201,4187
1202,778
1203,3084
1204,1050
1205,1233
1206,2645
1207,7905
1208,4970
1209,364
1210,3086
1211,6121
1212,6709
1213,8604
1214,1637
1215,3900
1216,1408
1217,6537
1218,4853
1219,1487
1220,474
1221,9857
1222,1004
1223,1528
1224,4316
1225,7720
1226,2633
1227,8096
1228,6540
1229,1632
1230,7270
1231,4891
1232,4089
1233,2317
1234,7848
1235,4692
1236,9596
1237,9868
1238,2850
1239,3066
1240,8034
1241,6843
1242,9130
1243,3820
1244,1350
1245,8722
1246,2094
1247,1218
1248,7011
1249,6224
1250,2128
1251,4820
1252,8366
1253,4989
1254,362
1255,7446
1256,6178
1257,8396
1258,3679
1259,2694
1260,8648
1261,6921
1262,8728
1263,4364
1264,9668
1265,8974
1266,4106
1267,1890
1268,8612
1269,6062
1270,2060
1271,9057
1272,8948
1273,3801
1274,9072
1275,8238
1276,7326
1277,432
1278,1916
1279,764
1280,1466
1281,9363
1282,2350
1283,9206
1284,819
1285,4756
1286,9757
1287,5056
1288,9214
1289,8899
1290,3829
1291,9802
1292,1010
1293,1014
1294,6106
1295,7067
1296,2907
1297,811
1298,2127
1299,4907
1300,1020
1301,8958
1302,6099
1303,3012
1304,2800
1305,3891
1306,2304
1307,114
1308,102
1309,9145
1310,4479
1311,4309
1312,1447
1313,6211
1314,7163
1315,3314
1316,1318
1317,2847
1318,7402
1319,8841
1320,2948
1321,4251
1322,7525
1323,2201
1324,9242
1325,1738
1326,4085
1327,7748
1328,5829
1329,9310
1330,4773
1331,8504
1332,4033
1333,8082
1334,2779
1335,9851
1336,6043
1337,7579
1338,8636
1339,4368
1340,1995
1341,7918
1342,6205
1343,2680
1344,4838
1345,8480
1346,778
1347,3161
1348,874
1349,4702
1350,5078
1351,7799
1352,5012
1353,5626
1354,5512
1355,6502
1356,327
1357,3221
1358,6279
1359,7859
1360,3559
1361,1035
1362,7341
1363,8323
1364,5901
1365,9851
1366,7853
1367,6919
1368,2242
1369,4831
1370,3513
1371,7764
1372,5423
1373,242
1374,4059
1375,9671
1376,8413
1377,6576
1378,7383
1379,1415
1380,4462
1381,7531
1382,7619
1383,3786
1384,425
1385,7834
1386,9055
1387,3772
1388,9883
1389,2146
1390,420
1391,9119
1392,9950
1393,4419
1394,5510
1395,2399
1396,2068
1397,6620
1398,9727
1399,2868
1400,2804
1401,3497
1402,7302
1403,275
1404,771
1405,7349
1406,7436
1407,9138
1408,580
1409,9082
1410,1054
1411,3605
1412,7853
1413,4113
1414,8945
1415,7672
1416,285
1417,8194
1418,5835
1419,2669
1420,5677
1421,8400
1422,124
1423,2899
1424,5299
1425,728
1426,4449
1427,849
1428,3692
1429,8320
1430,3435
1431,5049
1432,1575
1433,6239
1434,6207
1435,2593
1436,7179
1437,404
1438,1622
1439,6724
1440,5935
1441,6570
1442,2142
1443,1552
1444,7134
1445,4687
1446,975
1447,997
1448,3069
1449,5357
1450,7146
1451,9127
1452,4259
1453,3534
1454,6047
1455,4159
1456,3254
1457,6811
1458,8242
1459,8042
1460,7500
1461,3450
1462,6833
1463,9819
1464,782
1465,9852
1466,8645
1467,8265
1468,3440
1469,159
1470,1920
1471,3889
1472,7214
1473,5417
1474,4751
1475,6213
1476,2711
1477,403
1478,4192
1479,6175
1480,5027
1481,5948
1482,1091
1483,4283
1484,7357
1485,3786
1486,6298
1487,8815
1488,3188
1489,234
1490,8985
1491,2118
1492,5748
1493,9976
1494,8124
1495,9108
1496,553
1497,6838
1498,9549
1499,8747
1500,5343
1501,7682
1502,1068
1503,6028
1504,6642
1505,7789
1506,2216
1507,4972
1508,7504
1509,3537
1510,391
1511,8181
1512,8440
1513,8585
1514,9041
1515,9834
1516,731
1517,331
1518,3685
1519,39
1520,5651
1521,2859
1522,2107
1523,8736
1524,1400
1525,1405
1526,2632
1527,4855
1528,2023
1529,7548
1530,6427
1531,3808
1532,6078
1533,6704
1534,3382
1535,2304
1536,2190
1537,362
1538,6361
1539,3392
1540,9174
1541,9998
1542,8622
1543,9371
1544,8260
1545,8474
1546,5226
1547,7384
1548,4274
1549,6454
1550,1098
1551,2092
1552,5908
1553,3905
1554,656
1555,8709
1556,7942
1557,3618
1558,8351
1559,2203
1560,3601
1561,9450
1562,8194
1563,7769
1564,7143
1565,1942
1566,6516
1567,1038
1568,5608
1569,2807
1570,4640
1571,2364
1572,8857
1573,1319
1574,9733
1575,4879
1576,9041
1577,9457
1578,6037
1579,6198
1580,5321
1581,1224
1582,6688
1583,6521
1584,4001
1585,2181
1586,9783
1587,7276
1588,6113
1589,7335
1590,7160
1591,2719
1592,8619
1593,9081
1594,4956
1595,2533
1596,6821
1597,8517
1598,5287
1599,1617
1600,672
1601,7111
1602,7563
1603,848
1604,5434
1605,9591
1606,4620
1607,6898
1608,4655
1609,3680
1610,8571
1611,356
1612,2040
1613,9805
1614,3465
1615,4621
1616,3443
1617,7239
1618,9319
1619,7862
1620,5985
1621,5244
1622,2485
1623,6449
1624,8437
1625,908
1626,797
1627,6736
1628,9376
1629,8551
1630,6352
1631,4747
1632,1385
1633,7751
1634,1506
1635,8472
1636,3746
1637,5497
1638,3057
1639,7974
1640,5923
1641,966
1642,7137
1643,3694
1644,4938
1645,2420
1646,6561
1647,8327
1648,3505
1649,2057
1650,865
1651,5443
1652,1228
1653,6723
1654,3517
1655,9755
1656,2413
1657,3564
1658,5037
1659,9088
1660,7487
1661,8446
1662,9362
1663,6525
1664,9732
1665,9094
1666,5243
1667,7245
1668,6218
1669,9073
1670,8666
1671,5188
1672,6500
1673,7582
1674,7937
1675,4994
1676,6558
1677,6319
1678,8253
1679,2905
1680,203
1681,393
1682,5618
1683,6860
1684,9628
1685,1936
1686,2724
1687,8093
1688,2742
1689,5990
1690,6946
1691,6642
1692,3801
1693,1309
1694,587
1695,253
1696,991
1697,9625
1698,4392
1699,1055
1700,4956
1701,2724
1702,5309
1703,7065
1704,2011
1705,9309
1706,1906
1707,747
1708,392
1709,1978
1710,2807
1711,5031
1712,6234
1713,9907
1714,3979
1715,3339
1716,5404
1717,3663
1718,6743
1719,802
1720,9443
1721,8158
1722,6661
1723,6099
1724,177
1725,4397
1726,9144
1727,9935
1728,2127
1729,283
1730,999
1731,6490
1732,7231
1733,6966
1734,6940
1735,8818
1736,4901
1737,6711
1738,2409
1739,4824
1740,8205
1741,3704
1742,3528
1743,5529
1744,7000
1745,3030
1746,8494
1747,261
1748,5247
1749,1744
1750,5488
1751,4234
1752,2343
1753,6604
1754,7116
1755,2426
1756,4661
1757,7309
1758,6004
1759,9380
1760,5633
1761,5165
1762,4791
1763,905
1764,6912
1765,3064
1766,1183
1767,701
1768,7494
1769,8504
1770,9584
1771,9550
1772,4075
1773,2000
1774,6261
1775,3441
1776,6767
1777,5295
1778,1613
1779,9341
1780,5300
1781,6368
1782,1052
1783,9555
1784,583
1785,8161
1786,8507
1787,4508
1788,6051
1789,5834
1790,9151
1791,9093
1792,827
1793,9487
1794,7419
1795,1627
1796,8889
1797,7516
1798,9518
1799,3643
1800,2803
1801,6059
1802,1427
1803,2479
1804,5198
1805,523
1806,3128
1807,8140
1808,3990
1809,6615
1810,6370
1811,448
1812,7427
1813,4270
1814,7593
1815,9608
1816,9136
1817,3447
1818,1583
1819,1665
1820,6844
1821,4337
1822,4665
1823,4054
1824,163
1825,3545
1826,2113
1827,6843
1828,8824
1829,3973
1830,7442
1831,1187
1832,9681
1833,8704
1834,3683
1835,7151
1836,2672
1837,8204
1838,7683
1839,4649
1840,72
1841,7177
1842,2248
1843,9908
1844,5467
1845,8432
1846,4929
1847,9615
1848,1008
1849,7889
1850,5273
1851,334
1852,8351
1853,2999
1854,558
1855,4107
1856,4340
1857,8048
1858,245
1859,191
1860,4308
1861,9940
1862,8180
1863,7724
1864,7405
1865,8572
1866,51
1867,5376
1868,5833
1869,4395
1870,5084
1871,8293
1872,1028
1873,9907
1874,1026
1875,5860
1876,1172
1877,8475
1878,4284
1879,976
1880,466
1881,6484
1882,9655
1883,6298
1884,9066
1885,1528
1886,1885
1887,6693
1888,5501
1889,5753
1890,5048
1891,7239
1892,3318
1893,182
1894,963
1895,1875
1896,404
1897,3067
1898,5011
1899,7863
1900,5268
1901,2352
1902,258
1903,5695
1904,5720
1905,9256
1906,8348
1907,9412
1908,2345
1909,7708
1910,6955
1911,661
1912,137
1913,4336
1914,7196
1915,7336
1916,1165
1917,3771
1918,4226
1919,3747
1920,2493
1921,5438
1922,2302
1923,8565
1924,2664
1925,2457
1926,823
1927,8244
1928,9731
1929,5776
1930,3488
1931,1316
1932,1673
1933,7868
1934,8643
1935,1643
1936,8848
1937,5623
1938,3739
1939,7863
1940,8936
1941,8036
1942,5821
1943,9622
1944,3932
1945,2385
1946,5136
1947,1180
1948,6157
1949,6948
1950,8329
1951,1664
1952,644
1953,7477
1954,7962
1955,846
1956,5738
1957,793
1958,8702
1959,1330
1960,4268
1961,8582
1962,463
1963,3924
1964,9676
1965,3347
1966,9484
1967,4840
1968,5379
1969,1770
1970,3329
1971,5310
1972,2055
1973,6513
1974,9642
1975,1656
1976,9968
1977,8740
1978,2220
1979,3433
1980,5933
1981,1429
1982,4596
1983,3453
1984,612
1985,8164
1986,4382
1987,1887
1988,9513
1989,2276
1990,2443
1991,9828
1992,95
1993,6233
1994,6715
1995,3375
1996,2105
1997,2644
1998,3854
1999,7270
2000,5980
2001,1748
2002,9836
2003,1071
2004,260
2005,9142
2006,2941
2007,9229
2008,6112
2009,1585
2010,1260
2011,6454
2012,8464
2013,116
2014,3162
2015,3540
2016,4252
2017,3363
2018,3229
2019,9957
2020,9529
2021,8145
2022,4408
2023,2422
2024,29
2025,7409
2026,470
2027,9169
2028,3747
2029,6193
2030,2839
2031,6090
2032,488
2033,9608
2034,1925
2035,9005
2036,4032
2037,3161
2038,5113
2039,2180
2040,5829
2041,7715
2042,8590
2043,4313
2044,4017
2045,3373
2046,3648
2047,8471
2048,5918
2049,2054
2050,4228
2051,6963
2052,2286
2053,8023
2054,2257
2055,2777
2056,9555
2057,1652
2058,3454
2059,7675
2060,6162
2061,4724
2062,8238
2063,4823
2064,5611
2065,1115
2066,3383
2067,9054
2068,807
2069,4123
2070,2989
2071,8631
2072,6918
2073,3928
2074,7810
2075,6999
2076,2879
2077,3338
2078,6405
2079,6379
2080,423
2081,6033
2082,843
2083,6620
2084,7632
2085,7690
2086,8654
2087,1913
2088,9012
2089,3996
2090,1302
2091,391
2092,2899
2093,1992
2094,3834
2095,4946
2096,8751
2097,5396
2098,4261
2099,2929
2100,5845
2101,8739
2102,8007
2103,2824
2104,9588
2105,9132
2106,4017
2107,4825
2108,8648
2109,3106
2110,5429
2111,4321
2112,4588
2113,1552
2114,1172
2115,3722
2116,8748
2117,790
2118,456
2119,5023
2120,1511
2121,8389
2122,6413
2123,7547
2124,6636
2125,1609
2126,8093
2127,1780
2128,866
2129,8202
2130,6667
2131,9244
2132,1513
2133,9289
2134,2616
2135,4757
2136,1648
2137,105
2138,823
2139,309
2140,9218
2141,6280
2142,348
2143,2506
2144,1863
2145,7867
2146,2940
2147,1404
2148,1262
2149,5270
2150,9705
2151,4194
2152,273
2153,9377
2154,8087
2155,4620
2156,7031
2157,4733
2158,5054
2159,3193
2160,3630
2161,7126
2162,6826
2163,3003
2164,667
2165,6746
2166,2007
2167,4246
2168,3446
2169,3813
2170,5815
2171,9017
2172,7945
2173,5403
2174,5925
2175,1672
2176,5608
2177,1247
2178,2309
2179,1818
2180,6509
2181,2062
2182,6274
2183,7478
2184,4274
2185,8935
2186,3514
2187,2632
2188,5391
2189,6401
2190,2931
2191,692
2192,1966
2193,4151
2194,5947
2195,9972
2196,3332
2197,1528
2198,6407
2199,3365
2200,35
2201,8286
2202,3818
2203,2069
2204,4444
2205,3087
2206,4336
2207,8133
2208,3752
2209,1406
2210,8446
2211,4838
2212,8400
2213,7215
2214,8049
2215,7552
2216,9651
2217,556
2218,7953
2219,9092
2220,6079
2221,6546
2222,6909
2223,4896
2224,9009
2225,7174
2226,8293
2227,7087
2228,6121
2229,9005
2230,5316
2231,4568
2232,4205
2233,7218
2234,1111
2235,3731
2236,2074
2237,4035
2238,3405
2239,7738
2240,6762
2241,1843
2242,4532
2243,9671
2244,5391
2245,1977
2246,9837
2247,9631
2248,2144
2249,1773
2250,1306
2251,5677
2252,2157
2253,5661
2254,3098
2255,8460
2256,9028
2257,1113
2258,2961
2259,3238
2260,3062
2261,303
2262,6964
2263,3256
2264,9654
2265,3506
2266,8265
2267,7333
2268,6242
2269,5269
2270,1264
2271,7133
2272,5636
2273,9299
2274,1609
2275,9318
2276,4680
2277,356
2278,7133
2279,762
2280,2104
2281,8208
2282,9542
2283,6907
2284,1440
2285,2473
2286,7831
2287,6613
2288,6148
2289,5671
2290,6889
2291,8906
2292,1274
2293,9293
2294,1811
2295,5692
2296,7248
2297,8421
2298,9506
2299,2883
2300,4016
2301,5285
2302,6388
2303,3816
2304,672
2305,1006
2306,2157
2307,765
2308,1885
2309,2233
2310,820
2311,1613
2312,4279
2313,3665
2314,7312
2315,7569
2316,9003
2317,3417
2318,4727
2319,7392
2320,7193
2321,1376
2322,5660
2323,7887
2324,2801
2325,6000
2326,6227
2327,2063
2328,9688
2329,5319
2330,1498
2331,5148
2332,8055
2333,4937
2334,5903
2335,3088
2336,6083
2337,2433
2338,9517
2339,2097
2340,8988
2341,4189
2342,1273
2343,1824
2344,9157
2345,1754
2346,5679
2347,8900
2348,7442
2349,1114
2350,4579
2351,3035
2352,6921
2353,9254
2354,6109
2355,725
2356,7160
2357,2124
2358,3530
2359,507
2360,979
2361,2216
2362,7735
2363,6257
2364,3624
2365,1721
2366,6000
2367,9761
2368,9755
2369,2218
2370,7391
2371,9344
2372,5080
2373,352
2374,6108
2375,2827
2376,131
2377,6987
2378,7188
2379,8499
2380,6720
2381,2188
2382,5107
2383,4163
2384,7557
2385,2492
2386,9137
2387,4368
2388,8495
2389,3395
2390,6259
2391,3485
2392,5758
2393,4595
2394,71
2395,5972
2396,8118
2397,7978
2398,1760
2399,5406
2400,7090
2401,3655
2402,3207
2403,7966
2404,5108
2405,6605
2406,2585
2407,9448
2408,9507
2409,2786
2410,2795
2411,3378
2412,7321
2413,4602
2414,5499
2415,2674
2416,6895
2417,7570
2418,4134
2419,4887
2420,1947
2421,6899
2422,387
2423,5070
2424,4105
2425,4526
2426,6144
2427,6756
2428,5233
2429,6564
2430,936
2431,4362
2432,6353
2433,6841
2434,736
2435,217
2436,8446
2437,4299
2438,2389
2439,8709
2440,4045
2441,2328
2442,4584
2443,6075
2444,2133
2445,9270
2446,300
2447,6385
2448,576
2449,7080
2450,5455
2451,7406
2452,5716
2453,663
2454,2864
2455,6931
2456,2351
2457,5065
2458,8248
2459,8670
2460,7149
2461,9397
2462,1126
2463,6439
2464,3525
2465,6912
2466,7895
2467,6921
2468,6475
2469,3807
2470,5190
2471,5657
2472,9167
2473,4878
2474,2047
2475,9345
2476,7273
2477,8605
2478,1033
2479,9420
2480,9696
2481,8616
2482,3642
2483,3800
2484,4967
2485,9413
2486,491
2487,8253
2488,3980
2489,8155
2490,2379
2491,1491
2492,7805
2493,4787
2494,825
2495,9017
2496,5643
2497,3679
2498,932
2499,7110
2500,6937
2501,7946
2502,6174
2503,6383
2504,2243
2505,7136
2506,7616
2507,2686
2508,1767
2509,3250
2510,9759
2511,3693
2512,9722
2513,6580
2514,999
2515,829
2516,1848
2517,8345
2518,2294
2519,8777
2520,9259
2521,8298
2522,4487
2523,2723
2524,9974
2525,5732
2526,1452
2527,6915
2528,6507
2529,7653
2530,4859
2531,6911
2532,6763
2533,3569
2534,32
2535,595
2536,3602
2537,9063
2538,5447
2539,7132
2540,8291
2541,4777
2542,5432
2543,956
2544,2326
2545,5645
2546,2761
2547,6238
2548,1733
2549,623
2550,942
2551,3007
2552,1543
2553,3235
2554,2037
2555,2938
2556,3401
2557,7616
2558,9032
2559,1207
2560,583
2561,5740
2562,9125
2563,8025
2564,9708
2565,822
2566,699
2567,418
2568,9700
2569,9666
2570,8482
2571,7970
2572,7837
2573,5043
2574,9035
2575,4327
2576,9251
2577,750
2578,1555
2579,8607
2580,95
2581,1017
2582,9145
2583,6278
2584,2977
2585,2071
2586,5053
2587,1542
2588,1294
2589,4273
2590,8087
2591,6066
2592,3651
2593,7191
2594,6803
2595,736
2596,8587
2597,8769
2598,4918
2599,7797
2600,5135
2601,7620
2602,2299
2603,9422
2604,6330
2605,8824
2606,6663
2607,4758
2608,6357
2609,7367
2610,52
2611,8681
2612,8262
2613,7746
2614,5062
2615,4880
2616,5274
2617,5996
2618,6576
2619,1340
2620,8432
2621,4769
2622,137
2623,9224
2624,7864
2625,791
2626,3673
2627,3391
2628,1508
2629,2630
2630,2361
2631,409
2632,282
2633,4293
2634,255
2635,9392
2636,3501
2637,1148
2638,9507
2639,6814
2640,8373
2641,4013
2642,1655
2643,6065
2644,7129
2645,5603
2646,8848
2647,3861
2648,4262
2649,3468
2650,4394
2651,2765
2652,5205
2653,8793
2654,9076
2655,4717
2656,2183
2657,501
2658,404
2659,6246
2660,3515
2661,7065
2662,5300
2663,6692
2664,3720
2665,2223
2666,4227
2667,9200
2668,2885
2669,4953
2670,1075
2671,7497
2672,9135
2673,9199
2674,4901
2675,7977
2676,7465
2677,4247
2678,7551
2679,4711
2680,6708
2681,5787
2682,6908
2683,7550
2684,4579
2685,3810
2686,6360
2687,996
2688,7988
2689,6549
2690,5476
2691,5892
2692,5501
2693,9813
2694,1620
2695,7956
2696,5290
2697,9629
2698,6476
2699,774
2700,5985
2701,5383
2702,194
2703,6857
2704,387
2705,1974
2706,7012
2707,8446
2708,4186
2709,7485
2710,7252
2711,5986
2712,5108
2713,5588
2714,279
2715,2885
2716,13
2717,7949
2718,8083
2719,213
2720,7222
2721,7863
2722,1497
2723,1366
2724,4275
2725,4588
2726,9339
2727,5556
2728,1372
2729,9479
2730,859
2731,3492
2732,9956
2733,2074
2734,6022
2735,247
2736,9971
2737,519
2738,6749
2739,8956
2740,7517
2741,4596
2742,2204
2743,1807
2744,863
2745,2872
2746,9936
2747,956
2748,6532
2749,8759
2750,5482
2751,8160
2752,8033
2753,105
2754,735
2755,9783
2756,6342
2757,4467
2758,7157
2759,5536
2760,7071
2761,4293
2762,5690
2763,1778
2764,2627
2765,4964
2766,2487
2767,3691
2768,6254
2769,7900
2770,9449
2771,1810
2772,211
2773,4322
2774,758
2775,4125
2776,2427
2777,2537
2778,3664
2779,9134
2780,6689
2781,3892
2782,4552
2783,3122
2784,1330
2785,5517
2786,3836
2787,4082
2788,7795
2789,2975
2790,8094
2791,1226
2792,563
2793,492
2794,6957
2795,3716
2796,7907
2797,3540
2798,9867
2799,9040
2800,916
2801,5927
2802,9187
2803,37
2804,6165
2805,8862
2806,5601
2807,4691
2808,4901
2809,7991
2810,7108
2811,1984
2812,3062
2813,3444
2814,8358
2815,6734
2816,1973
2817,9793
2818,7256
2819,5940
2820,3406
2821,5162
2822,3453
2823,2697
2824,8862
2825,7996
2826,8460
2827,6378
2828,1332
2829,5431
2830,3279
2831,3924
2832,9496
2833,1519
2834,3074
2835,1754
2836,978
2837,9855
2838,2150
2839,9113
2840,9697
2841,9623
2842,9958
2843,9016
2844,2777
2845,8654
2846,3495
2847,3115
2848,7321
2849,5469
2850,6520
2851,9564
2852,5983
2853,5441
2854,8491
2855,7445
2856,3936
2857,4788
2858,1844
2859,2957
2860,8574
2861,6757
2862,3327
2863,3395
2864,152
2865,7298
2866,7553
2867,3536
2868,2755
2869,6241
2870,4131
2871,3536
2872,2622
2873,3627
2874,746
2875,8378
2876,8498
2877,1375
2878,2076
2879,6835
2880,9506
2881,5496
2882,4243
2883,8796
2884,6291
2885,242
2886,6473
2887,8108
2888,3794
2889,7159
2890,7142
2891,3894
2892,1419
2893,6646
2894,7880
2895,5796
2896,1915
2897,588
2898,5079
2899,7026
2900,229
2901,6837
2902,8109
2903,1226
2904,7076
2905,1597
2906,9574
2907,8663
2908,6867
2909,87
2910,4810
2911,9895
2912,2632
2913,421
2914,7713
2915,7496
2916,643
2917,8787
2918,9777
2919,6618
2920,7371
2921,1081
2922,7529
2923,6046
2924,6075
2925,7828
2926,5000
2927,4038
2928,6246
2929,9750
2930,8684
2931,4547
2932,8383
2933,28
2934,1926
2935,4315
2936,2017
2937,7125
2938,5556
2939,3098
2940,5261
2941,9280
2942,8152
2943,8272
2944,9856
2945,6027
2946,2762
2947,6070
2948,3855
2949,1976
2950,3606
2951,618
2952,3221
2953,7715
2954,246
2955,5081
2956,6569
2957,3703
2958,1453
2959,5433
2960,8259
2961,7019
2962,2173
2963,678
2964,6964
2965,4769
2966,3988
2967,3914
2968,4690
2969,4541
2970,1052
2971,9204
2972,7161
2973,3949
2974,9441
2975,5206
2976,5341
2977,20
2978,520
2979,4473
2980,3238
2981,5809
2982,8365
2983,6750
2984,9867
2985,4346
2986,4321
2987,4730
2988,3569
2989,7588
2990,6581
2991,5396
2992,194
2993,6590
2994,2369
2995,7262
2996,1081
2997,8940
2998,9660
2999,9903
3000,3613
3001,6193
3002,6949
3003,9095
3004,1693
3005,9338
3006,8119
3007,7024
3008,6445
3009,6802
3010,220
3011,1476
3012,4435
3013,4751
3014,8508
3015,4101
3016,6566
3017,8171
3018,982
3019,7844
3020,2431
3021,9091
3022,6838
3023,3801
3024,7479
3025,8204
3026,4730
3027,6751
3028,3587
3029,4246
3030,6699
3031,9559
3032,7414
3033,8837
3034,4434
3035,7956
3036,8741
3037,5107
3038,2173
3039,7018
3040,8113
3041,163
3042,5826
3043,7189
3044,2317
3045,7550
3046,5381
3047,197
3048,52
3049,38
3050,8969
3051,8746
3052,7364
3053,2051
3054,8822
3055,5816
3056,6570
3057,2768
3058,6582
3059,4147
3060,7090
3061,6793
3062,2508
3063,8435
3064,8795
3065,1666
3066,9138
3067,2019
3068,5002
3069,9317
3070,4933
3071,3523
3072,5471
3073,590
3074,6410
3075,2945
3076,4809
3077,4198
3078,8056
3079,4430
3080,1956
3081,8947
3082,945
3083,7010
3084,5027
3085,7464
3086,4167
3087,2715
3088,9073
3089,5419
3090,3010
3091,3979
3092,2202
3093,2823
3094,1793
3095,7147
3096,4106
3097,24
3098,2493
3099,6618
3100,1107
3101,3687
3102,517
3103,5709
3104,2379
3105,5904
3106,8644
3107,6895
3108,5698
3109,1773
3110,4921
3111,3474
3112,5921
3113,6892
3114,9785
3115,3207
3116,1808
3117,7424
3118,6602
3119,2162
3120,1904
3121,1528
3122,227
3123,67
3124,403
3125,670
3126,8425
3127,8418
3128,8224
3129,1801
3130,5721
3131,6497
3132,9786
3133,1591
3134,7253
3135,8224
3136,8710
3137,2112
3138,4782
3139,9652
3140,7513
3141,3486
3142,3563
3143,2700
3144,5205
3145,9627
3146,4865
3147,8062
3148,9982
3149,7427
3150,6457
3151,7759
3152,4341
3153,7438
3154,8406
3155,2080
3156,7752
3157,9869
3158,1801
3159,9947
3160,492
3161,8518
3162,7867
3163,6014
3164,867
3165,1225
3166,9458
3167,7344
3168,109
3169,3432
3170,1800
3171,1693
3172,2787
3173,4752
3174,7734
3175,6921
3176,6396
3177,333
3178,3238
3179,2839
3180,296
3181,8358
3182,3282
3183,372
3184,6770
3185,148
3186,3090
3187,8513
3188,4253
3189,6413
3190,3053
3191,1032
3192,8945
3193,5936
3194,7360
3195,628
3196,1981
3197,1616
3198,3639
3199,7790
3200,7273
3201,8658
3202,1824
3203,4571
3204,8699
3205,4899
3206,9217
3207,6505
3208,9684
3209,9799
3210,6815
3211,3107
3212,2893
3213,1612
3214,1747
3215,7930
3216,1158
3217,8388
3218,7719
3219,3193
3220,1021
3221,1412
3222,2393
3223,1994
3224,6177
3225,407
3226,915
3227,4903
3228,8089
3229,5063
3230,4372
3231,1710
3232,5133
3233,3882
3234,5138
3235,6852
3236,1808
3237,9321
3238,6294
3239,8548
3240,2150
3241,9034
3242,9549
3243,9573
3244,639
3245,8537
3246,4124
3247,8791
3248,1549
3249,5227
3250,8384
3251,9332
3252,2150
3253,6725
3254,2441
3255,4464
3256,9500
3257,4959
3258,8921
3259,6336
3260,1090
3261,4021
3262,8451
3263,6522
3264,7666
3265,1115
3266,3471
3267,8249
3268,5914
3269,1598
3270,4586
3271,6538
3272,9571
3273,6478
3274,1348
3275,5775
3276,7628
3277,1736
3278,8777
3279,2884
3280,2716
3281,7946
3282,8194
3283,9040
3284,1835
3285,3716
3286,1516
3287,1045
3288,2023
3289,9669
3290,1182
3291,3017
3292,4189
3293,5353
3294,6216
3295,7680
3296,1115
3297,3838
3298,508
3299,2477
3300,9903
3301,327
3302,3490
3303,1355
3304,4226
3305,8624
3306,879
3307,9179
3308,8222
3309,5746
3310,8522
3311,8754
3312,8633
3313,1831
3314,7889
3315,6346
3316,9393
3317,5787
3318,3635
3319,7877
3320,9849
3321,6692
3322,9098
3323,44
3324,3468
3325,3645
3326,7037
3327,2041
3328,1984
3329,3014
3330,2234
3331,5413
3332,4241
3333,5142
3334,1196
3335,1646
3336,9402
3337,122
3338,5121
3339,3378
3340,9095
3341,7170
3342,4132
3343,1580
3344,5691
3345,1901
3346,4601
3347,1363
3348,8218
3349,5108
3350,4192
3351,1193
3352,799
3353,3589
3354,3653
3355,7543
3356,7593
3357,5253
3358,5874
3359,7151
3360,7206
3361,9106
3362,4778
3363,3506
3364,679
3365,8342
3366,7517
3367,844
3368,9549
3369,169
3370,264
3371,5050
3372,7813
3373,500
3374,2108
3375,6208
3376,320
3377,9315
3378,1852
3379,4276
3380,4315
3381,5714
3382,2570
3383,5120
3384,8917
3385,6571
3386,2151
3387,4839
3388,4100
3389,6291
3390,4404
3391,84
3392,7362
3393,1504
3394,6173
3395,3196
3396,288
3397,3403
3398,5577
3399,6544
3400,3469
3401,8940
3402,9972
3403,2094
3404,512
3405,1197
3406,6720
3407,3878
3408,6991
3409,1333
3410,31
3411,8687
3412,2327
3413,1843
3414,9084
3415,2575
3416,827
3417,3346
3418,4088
3419,8068
3420,8270
3421,5182
3422,7973
3423,3359
3424,272
3425,9391
3426,4900
3427,5071
3428,7290
3429,7774
3430,5882
3431,9830
3432,2441
3433,6098
3434,5180
3435,3592
3436,1506
3437,4420
3438,8890
3439,4762
3440,3878
3441,4463
3442,821
3443,977
3444,3742
3445,9922
3446,4948
3447,7512
3448,8849
3449,7660
3450,3508
3451,1113
3452,9
3453,3638
3454,1131
3455,2761
3456,2944
3457,2582
3458,6013
3459,3520
3460,1522
3461,2771
3462,2224
3463,5575
3464,5110
3465,9401
3466,9969
3467,7008
3468,5570
3469,8412
3470,3316
3471,3331
3472,2282
3473,1686
3474,449
3475,6668
3476,3251
3477,6655
3478,2982
3479,3158
3480,5689
3481,2672
3482,7023
3483,4790
3484,6963
3485,7096
3486,7685
3487,3153
3488,3515
3489,7329
3490,1861
3491,6915
3492,470
3493,7108
3494,1939
3495,6044
3496,3503
3497,9355
3498,6768
3499,5900
3500,2686
3501,2683
3502,148
3503,1568
3504,5874
3505,5102
3506,223
3507,1405
3508,4128
3509,5490
3510,7974
3511,9022
3512,1413
3513,9245
3514,3665
3515,328
3516,9910
3517,5884
3518,8593
3519,7680
3520,9588
3521,9416
3522,6554
3523,6673
3524,5082
3525,9856
3526,993
3527,9917
3528,1674
3529,4752
3530,5964
3531,610
3532,9734
3533,6527
3534,6947
3535,7655
3536,116
3537,8178
3538,6815
3539,3683
3540,8952
3541,6681
3542,850
3543,60
3544,2184
3545,7399
3546,4221
3547,1968
3548,5801
3549,9488
3550,5859
3551,2118
3552,1836
3553,1451
3554,3735
3555,2309
3556,5150
3557,4637
3558,2039
3559,7290
3560,1883
3561,5010
3562,664
3563,5063
3564,7542
3565,5716
3566,8625
3567,5219
3568,3257
3569,6317
3570,7235
3571,4705
3572,1990
3573,7781
3574,3440
3575,9356
3576,8268
3577,47
3578,5372
3579,9291
3580,4998
3581,4130
3582,1685
3583,2119
3584,8671
3585,2820
3586,8086
3587,4016
3588,1982
3589,9059
3590,1157
3591,3153
3592,4131
3593,1766
3594,1708
3595,9130
3596,9818
3597,9657
3598,512
3599,9363
3600,1947
3601,1847
3602,3218
3603,9227
3604,9330
3605,8600
3606,3688
3607,6552
3608,8271
3609,9099
3610,764
3611,6199
3612,5570
3613,1861
3614,7207
3615,5806
3616,9023
3617,47
3618,8964
3619,8529
3620,1976
3621,1334
3622,9454
3623,3056
3624,4741
3625,5231
3626,987
3627,5153
3628,7608
3629,3261
3630,8639
3631,9812
3632,5940
3633,742
3634,4027
3635,1747
3636,1126
3637,4989
3638,7363
3639,7171
3640,5704
3641,1531
3642,4440
3643,9329
3644,342
3645,434
3646,1945
3647,710
3648,5439
3649,567
3650,2765
3651,1027
3652,1040
3653,2807
3654,2520
3655,479
3656,6042
3657,2836
3658,2838
3659,136
3660,9153
3661,2225
3662,3437
3663,4775
3664,9354
3665,4434
3666,8790
3667,926
3668,2567
3669,9915
3670,4971
3671,1303
3672,485
3673,8307
3674,590
3675,7157
3676,5418
3677,3400
3678,8441
3679,4566
3680,2557
3681,561
3682,9430
3683,7616
3684,530
3685,8495
3686,9273
3687,1269
3688,4846
3689,8978
3690,9319
3691,4560
3692,9264
3693,8530
3694,9424
3695,4376
3696,8687
3697,111
3698,5173
3699,8948
3700,4680
3701,9424
3702,8653
3703,8631
3704,9733
3705,3228
3706,1520
3707,5374
3708,8250
3709,2669
3710,7718
3711,3529
3712,8744
3713,3487
3714,456
3715,5273
3716,5457
3717,7653
3718,5130
3719,7479
3720,877
3721,373
3722,7187
3723,7999
3724,4470
3725,8561
3726,610
3727,1762
3728,5992
3729,1103
3730,7598
3731,4344
3732,6244
3733,3509
3734,5427
3735,6517
3736,6470
3737,1847
3738,1414
3739,9737
3740,6127
3741,882
3742,1262
3743,4684
3744,5536
3745,1954
3746,522
3747,7074
3748,1915
3749,9406
3750,432
3751,9610
3752,9031
3753,5808
3754,3643
3755,6453
3756,7580
3757,880
3758,8853
3759,9672
3760,4922
3761,4557
3762,8505
3763,8413
3764,2567
3765,1525
3766,1247
3767,4567
3768,5564
3769,9419
3770,2579
3771,2408
3772,3311
3773,9000
3774,1830
3775,8397
3776,5442
3777,566
3778,4822
3779,2295
3780,5446
3781,7717
3782,9871
3783,392
3784,8537
3785,6531
3786,399
3787,4043
3788,6829
3789,4935
3790,9050
3791,5420
3792,95
3793,5015
3794,9126
3795,6505
3796,506
3797,8491
3798,8760
3799,9050
3800,6869
3801,7466
3802,1662
3803,6555
3804,8997
3805,573
3806,6113
3807,9925
3808,2255
3809,3052
3810,6780
3811,8212
3812,1376
3813,5050
3814,3087
3815,8190
3816,4262
3817,1801
3818,7492
3819,3190
3820,2782
3821,2720
3822,9370
3823,8122
3824,7453
3825,9918
3826,3710
3827,4269
3828,9081
3829,2331
3830,6080
3831,6390
3832,2264
3833,3970
3834,252
3835,6753
3836,1890
3837,6173
3838,1020
3839,5142
3840,5043
3841,7227
3842,9765
3843,4525
3844,7540
3845,5836
3846,490
3847,5218
3848,5618
3849,7017
3850,2385
3851,2139
3852,8248
3853,1930
3854,115
3855,3775
3856,8860
3857,1851
3858,7144
3859,5617
3860,2954
3861,5370
3862,1496
3863,2177
3864,2336
3865,1730
3866,4125
3867,9813
3868,7093
3869,7149
3870,2460
3871,3321
3872,2164
3873,8510
3874,6648
3875,6492
3876,8628
3877,2852
3878,6560
3879,4600
3880,7376
3881,228
3882,2206
3883,790
3884,5664
3885,6952
3886,8870
3887,221
3888,6447
3889,1167
3890,8977
3891,7042
3892,9312
3893,5893
3894,5605
3895,1500
3896,6164
3897,8782
3898,3226
3899,1003
3900,9743
3901,2566
3902,6503
3903,9529
3904,4862
3905,2022
3906,3506
3907,6524
3908,3147
3909,2518
3910,628
3911,4118
3912,5639
3913,1911
3914,4600
3915,165
3916,9653
3917,9993
3918,6236
3919,2961
3920,847
3921,920
3922,643
3923,5626
3924,8144
3925,8977
3926,647
3927,5711
3928,8227
3929,5411
3930,1287
3931,5997
3932,4824
3933,9051
3934,537
3935,9423
3936,6906
3937,4122
3938,461
3939,8252
3940,4068
3941,550
3942,6050
3943,7143
3944,943
3945,7511
3946,4024
3947,8993
3948,7773
3949,2633
3950,5559
3951,6317
3952,6111
3953,1037
3954,1547
3955,9200
3956,2420
3957,4262
3958,7258
3959,4545
3960,55
3961,3203
3962,7605
3963,9012
3964,7450
3965,3582
3966,3883
3967,1692
3968,9238
3969,1012
3970,2514
3971,6965
3972,2146
3973,6703
3974,4792
3975,7474
3976,1466
3977,2593
3978,8860
3979,1576
3980,234
3981,2447
3982,7900
3983,9258
3984,9554
3985,2717
3986,2336
3987,191
3988,7982
3989,254
3990,5612
3991,9397
3992,1304
3993,9037
3994,4493
3995,9341
3996,3575
3997,3437
3998,8886
3999,4415
4000,5209
4001,1750
4002,7799
4003,6197
4004,7833
4005,5288
4006,5922
4007,5172
4008,2156
4009,7149
4010,8124
4011,4960
4012,9626
4013,3696
4014,5726
4015,5722
4016,2316
4017,5851
4018,557
4019,6043
4020,8584
4021,5497
4022,9003
4023,527
4024,7509
4025,4517
4026,3128
4027,364
4028,1457
4029,778
4030,1714
4031,3022
4032,4740
4033,7667
4034,5857
4035,7713
4036,2091
4037,8239
4038,8305
4039,8609
4040,104
4041,4261
4042,9010
4043,4551
4044,5349
4045,466
4046,8057
4047,2863
4048,4200
4049,5672
4050,8300
4051,9173
4052,7132
4053,2406
4054,3757
4055,4028
4056,8029
4057,7636
4058,9230
4059,3193
4060,736
4061,308
4062,7722
4063,5633
4064,3030
4065,8142
4066,2769
4067,6531
4068,7412
4069,5396
4070,2748
4071,3096
4072,4828
4073,6075
4074,7198
4075,9634
4076,8967
4077,7839
4078,3429
4079,2444
4080,811
4081,3954
4082,9783
4083,2443
4084,6164
4085,8639
4086,2301
4087,4034
4088,2398
4089,2853
4090,1160
4091,7797
4092,4766
4093,3709
4094,2211
4095,550
4096,4349
4097,2651
4098,1056
4099,4883
4100,4008
4101,2619
4102,7307
4103,910
4104,2926
4105,2859
4106,2088
4107,7390
4108,1402
4109,2702
4110,6227
4111,9629
4112,9248
4113,5505
4114,3333
4115,3843
4116,694
4117,1685
4118,6515
4119,3217
4120,1571
4121,9654
4122,1919
4123,9293
4124,3592
4125,7893
4126,9985
4127,7562
4128,3129
4129,6888
4130,7592
4131,2413
4132,1378
4133,4279
4134,6923
4135,6605
4136,956
4137,818
4138,2408
4139,1165
4140,8326
4141,2498
4142,7389
4143,5437
4144,6023
4145,7881
4146,4585
4147,2950
4148,2664
4149,653
4150,4260
4151,5521
4152,203
4153,2403
4154,6145
4155,749
4156,2110
4157,5531
4158,3358
4159,9630
4160,2745
4161,9479
4162,9983
4163,7263
4164,1043
4165,8852
4166,8890
4167,6044
4168,8379
4169,767
4170,4626
4171,2797
4172,4093
4173,9847
4174,290
4175,9660
4176,2408
4177,1280
4178,1610
4179,4985
4180,6358
4181,4075
4182,2340
4183,3383
4184,3360
4185,532
4186,1802
4187,9984
4188,7065
4189,1385
4190,7448
4191,1059
4192,2481
4193,2723
4194,9053
4195,4844
4196,4278
4197,3187
4198,1946
4199,1571
4200,4004
4201,9134
4202,4239
4203,1938
4204,2014
4205,5924
4206,7247
4207,2311
4208,4927
4209,2837
4210,6605
4211,5788
4212,8472
4213,1138
4214,1092
4215,7767
4216,5421
4217,2076
4218,7796
4219,8862
4220,8040
4221,7745
4222,3623
4223,2644
4224,3050
4225,8223
4226,4240
4227,8451
4228,3662
4229,225
4230,8032
4231,329
4232,2437
4233,1355
4234,1369
4235,4948
4236,1561
4237,7733
4238,7727
4239,9531
4240,1394
4241,1224
4242,5343
4243,2623
4244,6318
4245,6602
4246,8355
4247,9124
4248,6093
4249,672
4250,2541
4251,6579
4252,3869
4253,6023
4254,9771
4255,3975
4256,8060
4257,5089
4258,7376
4259,7643
4260,7153
4261,502
4262,5609
4263,8928
4264,8112
4265,976
4266,9185
4267,7915
4268,7087
4269,5667
4270,1737
4271,4690
4272,8037
4273,1654
4274,2854
4275,1173
4276,2955
4277,8606
4278,6121
4279,3606
4280,8962
4281,4950
4282,611
4283,6554
4284,9354
4285,2475
4286,8201
4287,3263
4288,3279
4289,9056
4290,3493
4291,5752
4292,4492
4293,8309
4294,2023
4295,4187
4296,8901
4297,1772
4298,8120
4299,7184
4300,9487
4301,2659
4302,1616
4303,9335
4304,4481
4305,7046
4306,5620
4307,2721
4308,9993
4309,6789
4310,9558
4311,1147
4312,6594
4313,1819
4314,7681
4315,2798
4316,6827
4317,3605
4318,4153
4319,7263
4320,641
4321,7261
4322,2025
4323,8699
4324,7720
4325,8154
4326,1950
4327,8699
4328,1816
4329,6099
4330,3927
4331,4201
4332,2457
4333,5388
4334,2747
4335,4562
4336,8075
4337,4820
4338,7307
4339,8105
4340,2994
4341,3319
4342,5205
4343,8075
4344,5868
4345,617
4346,3920
4347,9372
4348,9588
4349,3144
4350,8352
4351,2952
4352,6687
4353,3027
4354,4970
4355,2083
4356,1453
4357,3438
4358,1269
4359,1203
4360,3031
4361,2353
4362,5267
4363,3573
4364,4467
4365,4076
4366,56
4367,6858
4368,3522
4369,291
4370,8024
4371,9608
4372,3836
4373,8176
4374,8221
4375,2720
4376,737
4377,8311
4378,835
4379,7477
4380,8692
4381,4468
4382,891
4383,8502
4384,7340
4385,8172
4386,8055
4387,1465
4388,2336
4389,6744
4390,1909
4391,370
4392,8351
4393,2688
4394,4569
4395,2955
4396,6942
4397,1178
4398,342
4399,2754
4400,8675
4401,8659
4402,2783
4403,2920
4404,5714
4405,6351
4406,5776
4407,2126
4408,8096
4409,760
4410,9605
4411,6687
4412,1025
4413,9071
4414,7575
4415,5062
4416,5751
4417,2085
4418,1311
4419,8349
4420,1837
4421,6280
4422,3263
4423,1684
4424,7502
4425,6854
4426,1755
4427,6227
4428,4747
4429,5698
4430,3637
4431,34
4432,6761
4433,187
4434,9293
4435,6625
4436,9007
4437,2968
4438,1948
4439,7900
4440,5730
4441,3845
4442,5160
4443,2161
4444,7416
4445,6835
4446,1584
4447,1293
4448,5306
4449,2534
4450,629
4451,4948
4452,2145
4453,5092
4454,440
4455,1726
4456,3388
4457,7555
4458,3486
4459,1310
4460,3731
4461,8481
4462,9239
4463,425
4464,5788
4465,8920
4466,9498
4467,5691
4468,4420
4469,7858
4470,5355
4471,8325
4472,6783
4473,1230
4474,9751
4475,1352
4476,6810
4477,9183
4478,3164
4479,7443
4480,2444
4481,7126
4482,5281
4483,7697
4484,7206
4485,1184
4486,4890
4487,346
4488,2739
4489,9056
4490,4734
4491,9543
4492,6561
4493,6145
4494,8544
4495,5383
4496,1317
4497,3168
4498,8392
4499,6763
4500,3918
4501,7270
4502,5458
4503,9440
4504,8344
4505,3741
4506,9453
4507,1413
4508,3717
4509,9346
4510,9915
4511,1322
4512,6592
4513,8265
4514,8577
4515,6137
4516,1621
4517,4554
4518,9647
4519,3086
4520,5186
4521,3840
4522,6647
4523,5356
4524,1153
4525,5033
4526,6817
4527,6674
4528,8046
4529,7271
4530,1837
4531,829
4532,7891
4533,378
4534,7434
4535,227
4536,3169
4537,8653
4538,7246
4539,3522
4540,1853
4541,9017
4542,3126
4543,28
4544,8862
4545,5923
4546,9468
4547,1726
4548,4633
4549,6484
4550,1090
4551,7710
4552,6223
4553,988
4554,3995
4555,2450
4556,7203
4557,1880
4558,264
4559,8976
4560,8419
4561,8817
4562,7371
4563,9846
4564,2791
4565,1842
4566,1320
4567,1089
4568,2104
4569,1771
4570,935
4571,8489
4572,8985
4573,4968
4574,5924
4575,3149
4576,9149
4577,6475
4578,9886
4579,8105
4580,8426
4581,8241
4582,9267
4583,9545
4584,7134
4585,7435
4586,2424
4587,9933
4588,942
4589,2884
4590,6321
4591,9922
4592,9331
4593,4317
4594,3340
4595,7835
4596,866
4597,2419
4598,2505
4599,6567
4600,9680
4601,6857
4602,7198
4603,8310
4604,7043
4605,8172
4606,6335
4607,7185
4608,4218
4609,4350
4610,6794
4611,5746
4612,4800
4613,1782
4614,5469
4615,7544
4616,2734
4617,2834
4618,6716
4619,6025
4620,3668
4621,9464
4622,5010
4623,4260
4624,26
4625,1109
4626,4211
4627,3525
4628,6745
4629,2217
4630,3122
4631,1148
4632,3719
4633,4534
4634,6312
4635,1140
4636,1537
4637,670
4638,3402
4639,8023
4640,1805
4641,5813
4642,644
4643,7395
4644,2770
4645,9163
4646,2127
4647,6971
4648,6306
4649,4912
4650,3219
4651,2217
4652,4980
4653,8621
4654,5432
4655,9455
4656,3181
4657,7727
4658,8523
4659,5287
4660,4173
4661,1551
4662,8740
4663,7183
4664,4976
4665,8067
4666,725
4667,6324
4668,1516
4669,5190
4670,9249
4671,3767
4672,3254
4673,3192
4674,5625
4675,5768
4676,1640
4677,4382
4678,5177
4679,210
4680,576
4681,6731
4682,5202
4683,2651
4684,8037
4685,9262
4686,8084
4687,4358
4688,8225
4689,7218
4690,9863
4691,5945
4692,6060
4693,1863
4694,5612
4695,8019
4696,3098
4697,4497
4698,6576
4699,9387
4700,4291
4701,7097
4702,997
4703,6491
4704,2684
4705,9831
4706,6068
4707,2535
4708,7560
4709,4829
4710,8163
4711,3797
4712,4035
4713,9643
4714,7913
4715,3656
4716,5066
4717,25
4718,7657
4719,5589
4720,1404
4721,2798
4722,3962
4723,5026
4724,4560
4725,5667
4726,1236
4727,7264
4728,4212
4729,7476
4730,6351
4731,1323
4732,2664
4733,795
4734,6592
4735,9454
4736,6993
4737,2740
4738,4659
4739,9132
4740,767
4741,6835
4742,6658
4743,3545
4744,2531
4745,9842
4746,6379
4747,6576
4748,7821
4749,5608
4750,298
4751,6109
4752,3137
4753,2910
4754,5188
4755,6071
4756,1693
4757,842
4758,8719
4759,8054
4760,5059
4761,4497
4762,1493
4763,5941
4764,1762
4765,9429
4766,4151
4767,7612
4768,8290
4769,8464
4770,3454
4771,819
4772,5627
4773,8637
4774,3010
4775,1656
4776,5793
4777,5776
4778,7695
4779,728
4780,8595
4781,915
4782,8669
4783,1231
4784,4509
4785,1846
4786,5238
4787,4842
4788,7241
4789,3083
4790,5471
4791,1135
4792,1026
4793,8990
4794,1163
4795,7211
4796,2631
4797,5702
4798,3829
4799,1848
4800,4253
4801,1961
4802,34
4803,4280
4804,3292
4805,4329
4806,4775
4807,1036
4808,3517
4809,6794
4810,6663
4811,9607
4812,4307
4813,794
4814,7017
4815,8940
4816,5061
4817,1044
4818,3712
4819,683
4820,6459
4821,588
4822,4531
4823,5054
4824,6052
4825,405
4826,6995
4827,3333
4828,9113
4829,1440
4830,6732
4831,7208
4832,3443
4833,9648
4834,8898
4835,6388
4836,5457
4837,3672
4838,2838
4839,7177
4840,426
4841,9600
4842,5494
4843,8258
4844,1221
4845,5815
4846,2981
4847,6120
4848,2060
4849,3367
4850,2212
4851,8011
4852,7054
4853,8144
4854,4847
4855,8375
4856,1422
4857,1824
4858,2726
4859,4413
4860,6038
4861,906
4862,8296
4863,8350
4864,3513
4865,7798
4866,95
4867,9982
4868,203
4869,9866
4870,5826
4871,9067
4872,9755
4873,5852
4874,6801
4875,6078
4876,7717
4877,484
4878,8322
4879,8811
4880,2299
4881,8366
4882,7434
4883,6275
4884,8749
4885,5734
4886,4189
4887,8936
4888,711
4889,3072
4890,5906
4891,3145
4892,5324
4893,5276
4894,2162
4895,8217
4896,4843
4897,3962
4898,7030
4899,6436
4900,7979
4901,4808
4902,403
4903,6372
4904,4275
4905,6377
4906,6662
4907,980
4908,2153
4909,7935
4910,2917
4911,1000
4912,7369
4913,5618
4914,406
4915,193
4916,9261
4917,4260
4918,4645
4919,9946
4920,8703
4921,9300
4922,9960
4923,9051
4924,6977
4925,9506
4926,5102
4927,9127
4928,3349
4929,7941
4930,6712
4931,5429
4932,4377
4933,2136
4934,2836
4935,3747
4936,1589
4937,2704
4938,6833
4939,1416
4940,8793
4941,4153
4942,8998
4943,3993
4944,8562
4945,8738
4946,9822
4947,8871
4948,389
4949,9371
4950,6150
4951,5715
4952,727
4953,5614
4954,9299
4955,7176
4956,2305
4957,4037
4958,3737
4959,1297
4960,698
4961,7681
4962,9478
4963,2077
4964,3490
4965,9844
4966,1631
4967,9577
4968,7034
4969,3004
4970,7093
4971,2801
4972,4188
4973,6267
4974,2253
4975,6807
4976,4030
4977,4839
4978,2506
4979,7505
4980,979
4981,6257
4982,1360
4983,1721
4984,3716
4985,7110
4986,5219
4987,9559
4988,6497
4989,3701
4990,2693
4991,659
4992,2548
4993,1182
4994,9990
4995,3060
4996,8164
4997,3188
4998,4152
4999,3292
5000,625
5001,8677
5002,501
5003,6416
5004,7421
5005,3521
5006,7309
5007,1829
5008,9681
5009,6018
5010,9324
5011,4309
5012,6979
5013,5293
5014,2903
5015,2928
5016,566
5017,6648
5018,1759
5019,3051
5020,8599
5021,9699
5022,4197
5023,2407
5024,1676
5025,8966
5026,8352
5027,1347
5028,3815
5029,5182
5030,693
5031,8283
5032,3017
5033,5643
5034,5274
5035,5273
5036,7501
5037,7264
5038,5929
5039,400
5040,5817
5041,1146
5042,6070
5043,6231
5044,6831
5045,3092
5046,8480
5047,853
5048,2069
5049,6060
5050,5322
5051,3877
5052,5842
5053,9753
5054,7852
5055,8297
5056,3076
5057,4367
5058,4329
5059,6874
5060,2277
5061,5592
5062,8710
5063,546
5064,4892
5065,5562
5066,7298
5067,4799
5068,6250
5069,975
5070,5029
5071,4777
5072,9827
5073,1427
5074,7732
5075,3736
5076,465
5077,6667
5078,6317
5079,6603
5080,833
5081,6432
5082,1444
5083,1509
5084,3780
5085,6794
5086,7829
5087,5422
5088,3223
5089,1766
5090,3704
5091,9280
5092,4709
5093,8335
5094,4903
5095,1534
5096,7819
5097,8941
5098,1312
5099,9299
5100,1417
5101,1276
5102,9614
5103,819
5104,6989
5105,8372
5106,205
5107,5053
5108,895
5109,7981
5110,8524
5111,2317
5112,9167
5113,8722
5114,715
5115,3064
5116,7941
5117,580
5118,6524
5119,4310
5120,2144
5121,804
5122,5969
5123,1937
5124,7178
5125,9727
5126,5534
5127,272
5128,4324
5129,2733
5130,554
5131,6614
5132,8635
5133,2219
5134,8498
5135,6054
5136,1977
5137,7394
5138,7968
5139,6640
5140,6168
5141,4363
5142,7378
5143,2512
5144,1677
5145,2842
5146,4712
5147,6444
5148,2656
5149,1328
5150,1660
5151,9526
5152,2195
5153,1658
5154,3801
5155,9219
5156,7340
5157,8570
5158,9233
5159,3166
5160,5253
5161,1157
5162,1633
5163,4869
5164,1799
5165,7112
5166,6120
5167,7555
5168,6125
5169,2579
5170,3288
5171,5327
5172,8081
5173,1506
5174,5412
5175,2952
5176,4047
5177,5952
5178,6547
5179,726
5180,2015
5181,5132
5182,1955
5183,3609
5184,4551
5185,6471
5186,2381
5187,4852
5188,5892
5189,4153
5190,8365
5191,2891
5192,2670
5193,3867
5194,4104
5195,1138
5196,3263
5197,2724
5198,5136
5199,5703
5200,3411
5201,5111
5202,8367
5203,3069
5204,9119
5205,8954
5206,8958
5207,6250
5208,9215
5209,6629
5210,7783
5211,1794
5212,7265
5213,4053
5214,5299
5215,2434
5216,3795
5217,5702
5218,2707
5219,224
5220,8451
5221,6772
5222,4289
5223,9237
5224,832
5225,3805
5226,2120
5227,658
5228,8676
5229,528
5230,9304
5231,8870
5232,7086
5233,6696
5234,2363
5235,5121
5236,1213
5237,254
5238,3602
5239,7973
5240,4867
5241,740
5242,1411
5243,9515
5244,7698
5245,159
5246,8054
5247,9015
5248,1578
5249,1753
5250,1375
5251,290
5252,3149
5253,3819
5254,5710
5255,5576
5256,209
5257,8428
5258,5433
5259,872
5260,4996
5261,2962
5262,6972
5263,3527
5264,4857
5265,486
5266,8258
5267,3429
5268,9687
5269,5143
5270,7765
5271,4612
5272,7180
5273,2899
5274,2884
5275,3176
5276,3313
5277,9215
5278,9526
5279,3983
5280,6779
5281,9962
5282,1010
5283,4840
5284,3838
5285,6452
5286,6091
5287,2071
5288,2359
5289,8539
5290,9393
5291,3968
5292,3449
5293,4102
5294,238
5295,3209
5296,9843
5297,8324
5298,4225
5299,4877
5300,9380
5301,2292
5302,697
5303,1662
5304,2909
5305,4526
5306,1182
5307,9255
5308,6183
5309,920
5310,276
5311,8167
5312,9173
5313,7245
5314,7844
5315,4488
5316,5674
5317,2314
5318,9757
5319,1985
5320,8003
5321,1755
5322,3294
5323,8831
5324,9866
5325,9148
5326,6577
5327,1514
5328,3906
5329,1735
5330,5013
5331,5035
5332,2931
5333,1413
5334,7319
5335,6110
5336,3713
5337,5168
5338,8505
5339,7524
5340,377
5341,8775
5342,9740
5343,1333
5344,4474
5345,5972
5346,4154
5347,4722
5348,7844
5349,5818
5350,1269
5351,677
5352,4989
5353,4286
5354,1393
5355,7120
5356,9385
5357,9495
5358,2278
5359,2744
5360,9615
5361,6924
5362,1216
5363,6029
5364,7107
5365,2266
5366,6728
5367,5175
5368,2650
5369,3848
5370,5321
5371,424
5372,509
5373,5084
5374,9400
5375,3915
5376,3044
5377,3406
5378,2069
5379,6518
5380,2520
5381,7296
5382,2729
5383,3517
5384,7959
5385,7882
5386,1175
5387,5945
5388,6136
5389,5029
5390,8444
5391,4670
5392,2607
5393,314
5394,320
5395,2262
5396,555
5397,747
5398,4423
5399,3710
5400,4397
5401,8609
5402,1935
5403,2941
5404,2690
5405,9118
5406,5617
5407,670
5408,929
5409,1412
5410,6969
5411,5785
5412,6224
5413,9945
5414,9267
5415,2684
5416,4567
5417,4872
5418,2653
5419,4351
5420,5757
5421,2591
5422,5015
5423,9762
5424,2805
5425,7424
5426,4764
5427,7937
5428,2322
5429,7775
5430,3800
5431,616
5432,4649
5433,7767
5434,735
5435,6753
5436,5360
5437,3739
5438,3567
5439,9985
5440,928
5441,5123
5442,8333
5443,1922
5444,1429
5445,4992
5446,3388
5447,7722
5448,1087
5449,8977
5450,583
5451,9555
5452,6914
5453,7204
5454,3729
5455,8972
5456,1368
5457,8772
5458,7141
5459,1876
5460,9836
5461,9126
5462,2324
5463,1896
5464,2548
5465,424
5466,6073
5467,9980
5468,4937
5469,4668
5470,9648
5471,4054
5472,1212
5473,3496
5474,3278
5475,8317
5476,4138
5477,8636
5478,7421
5479,7012
5480,5281
5481,4959
5482,7902
5483,9593
5484,1288
5485,6040
5486,1468
5487,8693
5488,9346
5489,6894
5490,8908
5491,3790
5492,2605
5493,8495
5494,4845
5495,744
5496,3174
5497,2533
5498,8555
5499,8012
5500,8385
5501,230
5502,5931
5503,4073
5504,4643
5505,9450
5506,7290
5507,8973
5508,5460
5509,455
5510,1863
5511,9203
5512,7192
5513,2136
5514,3729
5515,8503
5516,3361
5517,2027
5518,8295
5519,3567
5520,7125
5521,2982
5522,6001
5523,1256
5524,6500
5525,3487
5526,4448
5527,1097
5528,7796
5529,7251
5530,1140
5531,5179
5532,8595
5533,9280
5534,9753
5535,530
5536,8251
5537,4490
5538,6539
5539,1866
5540,1932
5541,1437
5542,983
5543,3875
5544,2128
5545,2569
5546,2530
5547,7902
5548,4033
5549,3939
5550,9372
5551,9887
5552,3147
5553,9768
5554,9990
5555,1684
5556,1910
5557,8309
5558,2516
5559,7265
5560,4625
5561,2252
5562,5866
5563,2886
5564,6700
5565,9885
5566,2760
5567,9520
5568,5542
5569,6202
5570,3038
5571,7920
5572,5162
5573,4605
5574,2452
5575,4885
5576,7102
5577,6784
5578,3985
5579,3924
5580,4757
5581,6088
5582,7621
5583,7146
5584,2868
5585,7171
5586,2222
5587,7564
5588,9529
5589,2258
5590,963
5591,5499
5592,798
5593,2108
5594,2552
5595,7014
5596,7994
5597,8728
5598,2457
5599,9396
5600,3865
5601,4652
5602,2305
5603,3488
5604,60
5605,909
5606,1122
5607,1553
5608,1801
5609,2872
5610,3660
5611,1568
5612,4254
5613,5511
5614,4877
5615,585
5616,9518
5617,4396
5618,9173
5619,8857
5620,7321
5621,4195
5622,1118
5623,6906
5624,803
5625,5819
5626,4072
5627,731
5628,3078
5629,41
5630,9750
5631,2574
5632,7724
5633,4665
5634,9220
5635,7296
5636,1334
5637,6920
5638,6236
5639,6541
5640,6173
5641,3596
5642,6628
5643,2982
5644,4383
5645,9982
5646,50
5647,4940
5648,1955
5649,2229
5650,3904
5651,1099
5652,9938
5653,1723
5654,5193
5655,3771
5656,2274
5657,295
5658,3512
5659,8174
5660,2580
5661,6075
5662,9871
5663,288
5664,9750
5665,5304
5666,7688
5667,5771
5668,5546
5669,5351
5670,9109
5671,5374
5672,7857
5673,3149
5674,1987
5675,9528
5676,6337
5677,1096
5678,7818
5679,9056
5680,551
5681,9639
5682,2858
5683,4263
5684,3696
5685,3588
5686,4431
5687,5335
5688,360
5689,5892
5690,1677
5691,1555
5692,9465
5693,1200
5694,7262
5695,8937
5696,1783
5697,9652
5698,6310
5699,6021
5700,6003
5701,6734
5702,7345
5703,3096
5704,5835
5705,1007
5706,6947
5707,5251
5708,4486
5709,7089
5710,1308
5711,387
5712,1922
5713,5386
5714,7495
5715,2902
5716,4279
5717,2823
5718,9148
5719,7874
5720,6475
5721,4557
5722,1976
5723,1735
5724,1955
5725,2477
5726,3223
5727,71
5728,3140
5729,1394
5730,5348
5731,6072
5732,3273
5733,409
5734,8824
5735,7507
5736,4225
5737,8327
5738,6403
5739,1580
5740,2404
5741,4996
5742,235
5743,2576
5744,2060
5745,1838
5746,4294
5747,9658
5748,2546
5749,6927
5750,9116
5751,1652
5752,4357
5753,883
5754,3000
5755,7212
5756,8228
5757,9720
5758,8213
5759,8539
5760,3335
5761,9603
5762,1045
5763,3929
5764,3010
5765,8222
5766,2827
5767,7441
5768,486
5769,2017
5770,9005
5771,5053
5772,9389
5773,3701
5774,4983
5775,2386
5776,8725
5777,2506
5778,8914
5779,4581
5780,8388
5781,7573
5782,8446
5783,5725
5784,5707
5785,6202
5786,8939
5787,2999
5788,7546
5789,9370
5790,9515
5791,4078
5792,3556
5793,3175
5794,6819
5795,597
5796,7139
5797,3222
5798,3916
5799,9338
5800,4552
5801,1339
5802,1241
5803,5678
5804,4422
5805,121
5806,3154
5807,4198
5808,7744
5809,913
5810,3282
5811,6561
5812,7884
5813,3591
5814,6590
5815,6808
5816,7722
5817,4900
5818,3216
5819,9093
5820,2199
5821,5160
5822,670
5823,150
5824,1912
5825,4056
5826,4045
5827,6295
5828,9106
5829,856
5830,4110
5831,266
5832,3440
5833,1048
5834,7168
5835,8807
5836,1426
5837,6504
5838,2484
5839,6295
5840,9746
5841,1495
5842,4401
5843,8980
5844,342
5845,810
5846,9422
5847,5923
5848,5531
5849,8017
5850,3739
5851,4502
5852,4506
5853,7131
5854,3694
5855,9195
5856,796
5857,8654
5858,840
5859,2102
5860,6846
5861,332
5862,9718
5863,4698
5864,9661
5865,2779
5866,4036
5867,2508
5868,4937
5869,2341
5870,4074
5871,8898
5872,8706
5873,7514
5874,1256
5875,9951
5876,4303
5877,6122
5878,818
5879,4402
5880,3025
5881,9356
5882,6782
5883,1468
5884,2870
5885,8400
5886,5381
5887,6216
5888,4254
5889,516
5890,6475
5891,7642
5892,2018
5893,7430
5894,8932
5895,5116
5896,171
5897,7000
5898,5830
5899,9881
5900,5211
5901,7977
5902,2698
5903,8618
5904,6187
5905,5445
5906,476
5907,183
5908,2293
5909,6932
5910,8752
5911,4899
5912,1697
5913,2492
5914,6309
5915,2008
5916,4014
5917,7903
5918,2937
5919,480
5920,9598
5921,40
5922,6813
5923,719
5924,1030
5925,4290
5926,491
5927,554
5928,3950
5929,7257
5930,7475
5931,3416
5932,6046
5933,7942
5934,1152
5935,9001
5936,4232
5937,479
5938,9281
5939,2373
5940,5148
5941,5200
5942,7977
5943,266
5944,6265
5945,4372
5946,7842
5947,158
5948,8572
5949,6496
5950,9091
5951,4274
5952,5941
5953,505
5954,7762
5955,2474
5956,1806
5957,1184
5958,6041
5959,4468
5960,2066
5961,5530
5962,4568
5963,1715
5964,9904
5965,4289
5966,8087
5967,4655
5968,8296
5969,8134
5970,8311
5971,718
5972,7393
5973,3405
5974,4647
5975,9326
5976,7628
5977,8133
5978,8389
5979,6162
5980,6865
5981,4233
5982,876
5983,4581
5984,4654
5985,5697
5986,131
5987,5708
5988,3298
5989,6790
5990,3823
5991,1800
5992,8985
5993,629
5994,3965
5995,879
5996,4489
5997,3271
5998,9553
5999,6780
6000,5234
6001,6863
6002,2763
6003,6151
6004,135
6005,6716
6006,2676
6007,217
6008,9739
6009,9340
6010,6206
6011,9371
6012,9058
6013,628
6014,9607
6015,2841
6016,5589
6017,1680
6018,7437
6019,2940
6020,5142
6021,2004
6022,2862
6023,3604
6024,106
6025,1326
6026,795
6027,4373
6028,1545
6029,3989
6030,1536
6031,5062
6032,8395
6033,7461
6034,8457
6035,6409
6036,8581
6037,8891
6038,5258
6039,2960
6040,3660
6041,7140
6042,3874
6043,3663
6044,4053
6045,4986
6046,7017
6047,8659
6048,5173
6049,1055
6050,3822
6051,1082
6052,4481
6053,1351
6054,9024
6055,314
6056,2623
6057,6519
6058,9134
6059,5328
6060,2609
6061,61
6062,1291
6063,21
6064,3789
6065,9878
6066,6833
6067,9738
6068,9638
6069,5710
6070,5193
6071,5175
6072,7987
6073,3263
6074,8766
6075,2591
6076,2482
6077,2746
6078,5185
6079,7677
6080,6001
6081,3567
6082,8270
6083,2389
6084,9445
6085,557
6086,3041
6087,5759
6088,4879
6089,6426
6090,6127
6091,5179
6092,2223
6093,6694
6094,2445
6095,441
6096,5863
6097,7752
6098,675
6099,155
6100,2557
6101,4036
6102,5175
6103,7122
6104,8206
6105,9913
6106,5098
6107,930
6108,2597
6109,6976
6110,3207
6111,2248
6112,8998
6113,8513
6114,3791
6115,9124
6116,9551
6117,2402
6118,1013
6119,7576
6120,9449
6121,8476
6122,8988
6123,5427
6124,3737
6125,5285
6126,3152
6127,9314
6128,7616
6129,2367
6130,6715
6131,6119
6132,117
6133,6710
6134,8724
6135,2980
6136,4070
6137,5641
6138,572
6139,7982
6140,2436
6141,9578
6142,8391
6143,6682
6144,2552
6145,5460
6146,1554
6147,3392
6148,1359
6149,2580
6150,8597
6151,4595
6152,2811
6153,2516
6154,4708
6155,8400
6156,1068
6157,8668
6158,2616
6159,8088
6160,3713
6161,7930
6162,2665
6163,3246
6164,5990
6165,5467
6166,6713
6167,4052
6168,6843
6169,3579
6170,4214
6171,5159
6172,9326
6173,3009
6174,2999
6175,4880
6176,3478
6177,1365
6178,695
6179,2806
6180,3059
6181,2577
6182,8305
6183,8153
6184,5756
6185,6778
6186,724
6187,8570
6188,2669
6189,5685
6190,299
6191,7863
6192,9742
6193,1277
6194,6678
6195,2941
6196,5020
6197,2828
6198,9356
6199,1067
6200,4676
6201,7744
6202,6817
6203,3274
6204,1856
6205,9922
6206,4971
6207,910
6208,9546
6209,9111
6210,4436
6211,4977
6212,413
6213,6438
6214,6822
6215,8628
6216,8493
6217,7539
6218,1268
6219,4518
6220,9073
6221,8183
6222,5136
6223,2275
6224,69
6225,3924
6226,3934
6227,5161
6228,252
6229,6484
6230,8823
6231,8150
6232,5602
6233,5404
6234,5241
6235,6413
6236,3360
6237,2659
6238,3697
6239,9931
6240,1220
6241,8905
6242,8818
6243,3850
6244,9942
6245,3806
6246,6467
6247,2173
6248,2599
6249,679
6250,3870
6251,9119
6252,4458
6253,1707
6254,3912
6255,411
6256,5007
6257,4735
6258,1830
6259,2665
6260,5917
6261,9582
6262,9611
6263,188
6264,3856
6265,9970
6266,8833
6267,1646
6268,4676
6269,1558
6270,1275
6271,300
6272,6249
6273,3270
6274,6032
6275,2781
6276,5217
6277,3716
6278,9279
6279,3127
6280,5898
6281,4674
6282,8294
6283,9334
6284,6915
6285,3304
6286,3963
6287,566
6288,1676
6289,4011
6290,3805
6291,8042
6292,7785
6293,7221
6294,2176
6295,4914
6296,8119
6297,1482
6298,6721
6299,5568
6300,8771
6301,4994
6302,8146
6303,9093
6304,7444
6305,9580
6306,3667
6307,9923
6308,5629
6309,4029
6310,8493
6311,1777
6312,5169
6313,6021
6314,9505
6315,6015
6316,2634
6317,2892
6318,6290
6319,4295
6320,3014
6321,1306
6322,2276
6323,3628
6324,5007
6325,8823
6326,3764
6327,6533
6328,6197
6329,6926
6330,1335
6331,9480
6332,1619
6333,5928
6334,228
6335,4896
6336,6346
6337,1
6338,9588
6339,157
6340,1754
6341,6017
6342,8053
6343,8802
6344,1501
6345,2263
6346,4573
6347,6473
6348,291
6349,1574
6350,8860
6351,9526
6352,9624
6353,7861
6354,9263
6355,3111
6356,2785
6357,7121
6358,8252
6359,7067
6360,9027
6361,6711
6362,6653
6363,2228
6364,5205
6365,7287
6366,8460
6367,4107
6368,7420
6369,3822
6370,7489
6371,7132
6372,2318
6373,3014
6374,1126
6375,4113
6376,1629
6377,975
6378,2148
6379,5146
6380,7598
6381,6455
6382,8125
6383,4778
6384,2918
6385,4074
6386,3656
6387,2343
6388,1056
6389,1793
6390,9494
6391,2498
6392,9714
6393,7331
6394,9502
6395,6782
6396,1176
6397,2658
6398,7624
6399,2381
6400,4564
6401,9937
6402,7211
6403,3098
6404,5672
6405,9000
6406,8211
6407,9359
6408,6701
6409,3583
6410,7491
6411,6975
6412,4998
6413,6982
6414,344
6415,1621
6416,2299
6417,4485
6418,4651
6419,8879
6420,1831
6421,8004
6422,7155
6423,7548
6424,9602
6425,5977
6426,1635
6427,4537
6428,3882
6429,1517
6430,3003
6431,8601
6432,265
6433,8436
6434,8708
6435,7104
6436,8767
6437,7883
6438,6491
6439,4669
6440,969
6441,5382
6442,1149
6443,6544
6444,7777
6445,9810
6446,8331
6447,6801
6448,1787
6449,7536
6450,6920
6451,4603
6452,9822
6453,9803
6454,4981
6455,9201
6456,3305
6457,3563
6458,9361
6459,5482
6460,7137
6461,3959
6462,23
6463,672
6464,5054
6465,3991
6466,2556
6467,3440
6468,4362
6469,7333
6470,229
6471,753
6472,7130
6473,719
6474,5343
6475,4657
6476,248
6477,7999
6478,2913
6479,1638
6480,2696
6481,6343
6482,2826
6483,2771
6484,3316
6485,1714
6486,1571
6487,3234
6488,2770
6489,431
6490,5591
6491,1565
6492,5888
6493,8535
6494,4679
6495,2979
6496,6340
6497,5484
6498,8248
6499,7573
6500,1516
6501,5311
6502,1377
6503,2165
6504,6470
6505,3160
6506,2915
6507,3650
6508,6492
6509,5954
6510,9096
6511,5771
6512,3096
6513,2480
6514,1608
6515,802
6516,9273
6517,8236
6518,1372
6519,585
6520,9363
6521,8988
6522,7972
6523,7445
6524,9427
6525,5604
6526,7419
6527,6787
6528,2416
6529,3287
6530,4717
6531,4483
6532,5389
6533,2249
6534,8491
6535,6107
6536,5115
6537,7338
6538,9825
6539,1057
6540,7867
6541,6923
6542,2624
6543,6719
6544,788
6545,2108
6546,5609
6547,7906
6548,4119
6549,7277
6550,1337
6551,9162
6552,9761
6553,9534
6554,2863
6555,715
6556,4444
6557,7108
6558,1730
6559,1564
6560,7758
6561,8262
6562,6479
6563,6856
6564,3262
6565,8823
6566,6137
6567,1679
6568,3293
6569,944
6570,3270
6571,6926
6572,6803
6573,3530
6574,8632
6575,8251
6576,9787
6577,9523
6578,1291
6579,4607
6580,8980
6581,3443
6582,3734
6583,1584
6584,3379
6585,9149
6586,9302
6587,6343
6588,9664
6589,9774
6590,4184
6591,2218
6592,2708
6593,554
6594,5171
6595,6660
6596,8227
6597,5450
6598,8055
6599,5443
6600,8793
6601,7979
6602,6232
6603,5993
6604,4412
6605,5598
6606,506
6607,1052
6608,3202
6609,2111
6610,3155
6611,4445
6612,9429
6613,5576
6614,2518
6615,5236
6616,9151
6617,3309
6618,3011
6619,1363
6620,6623
6621,3592
6622,7635
6623,3161
6624,8329
6625,3563
6626,3784
6627,4987
6628,2630
6629,3322
6630,4361
6631,9877
6632,7208
6633,6824
6634,4167
6635,1294
6636,510
6637,7634
6638,4656
6639,1490
6640,9505
6641,1192
6642,4046
6643,9878
6644,2716
6645,5892
6646,5418
6647,7782
6648,6291
6649,1693
6650,1834
6651,7249
6652,6349
6653,247
6654,8142
6655,3834
6656,355
6657,3888
6658,2411
6659,80
6660,8795
6661,5519
6662,5943
6663,693
6664,8170
6665,451
6666,9941
6667,3596
6668,2381
6669,8204
6670,6880
6671,2882
6672,3149
6673,896
6674,595
6675,8173
6676,2354
6677,8968
6678,7306
6679,2999
6680,5480
6681,8613
6682,1119
6683,9734
6684,1746
6685,265
6686,166
6687,1215
6688,9922
6689,9659
6690,7895
6691,5897
6692,6015
6693,6692
6694,1890
6695,1179
6696,4587
6697,8047
6698,4168
6699,9662
6700,3313
6701,7773
6702,7467
6703,5348
6704,562
6705,5739
6706,8318
6707,3486
6708,6831
6709,2624
6710,5208
6711,2537
6712,7541
6713,1516
6714,574
6715,8052
6716,1548
6717,4081
6718,6534
6719,9182
6720,6733
6721,4253
6722,8926
6723,6073
6724,9552
6725,6988
6726,9737
6727,4236
6728,7080
6729,1389
6730,1964
6731,817
6732,7515
6733,5921
6734,5808
6735,6178
6736,4485
6737,9719
6738,9843
6739,3684
6740,8702
6741,203
6742,3400
6743,1170
6744,7910
6745,3387
6746,2410
6747,5348
6748,3372
6749,7207
6750,1652
6751,7828
6752,101
6753,3115
6754,1687
6755,2289
6756,9007
6757,8025
6758,6834
6759,9268
6760,5015
6761,1413
6762,7939
6763,797
6764,4637
6765,2078
6766,6769
6767,4927
6768,6377
6769,9982
6770,3714
6771,5182
6772,3836
6773,409
6774,122
6775,3553
6776,2655
6777,3480
6778,440
6779,6596
6780,6315
6781,5354
6782,7296
6783,3268
6784,2492
6785,2807
6786,1975
6787,3487
6788,2341
6789,1707
6790,5852
6791,4332
6792,9019
6793,7788
6794,9956
6795,2238
6796,8329
6797,2266
6798,7364
6799,8463
6800,6740
6801,8455
6802,1385
6803,6168
6804,5635
6805,5960
6806,5167
6807,3642
6808,8516
6809,2130
6810,2263
6811,152
6812,1984
6813,4057
6814,8662
6815,286
6816,4160
6817,9998
6818,328
6819,6941
6820,239
6821,3603
6822,9323
6823,2634
6824,6726
6825,5273
6826,7977
6827,2998
6828,6444
6829,1751
6830,3300
6831,7009
6832,544
6833,9118
6834,4835
6835,2256
6836,7208
6837,6548
6838,1610
6839,4483
6840,5209
6841,4616
6842,9447
6843,1726
6844,3654
6845,864
6846,4185
6847,8063
6848,6163
6849,6379
6850,8399
6851,1424
6852,4636
6853,1413
6854,8117
6855,9718
6856,6362
6857,9002
6858,8329
6859,7514
6860,1931
6861,2717
6862,6888
6863,6196
6864,6386
6865,2327
6866,1884
6867,9554
6868,7715
6869,8076
6870,6406
6871,3694
6872,5107
6873,4597
6874,3425
6875,9506
6876,6203
6877,2893
6878,7093
6879,3761
6880,2869
6881,7168
6882,8021
6883,6648
6884,2534
6885,745
6886,4690
6887,173
6888,8598
6889,8907
6890,4623
6891,5003
6892,5085
6893,4365
6894,2178
6895,778
6896,8889
6897,8662
6898,332
6899,7864
6900,7561
6901,7079
6902,5185
6903,8910
6904,9656
6905,1311
6906,5872
6907,1264
6908,1267
6909,581
6910,1542
6911,9265
6912,7705
6913,1888
6914,7647
6915,5976
6916,1919
6917,4074
6918,6211
6919,9882
6920,3933
6921,4436
6922,8158
6923,2616
6924,1700
6925,4359
6926,6215
6927,5179
6928,4971
6929,9718
6930,4601
6931,6749
6932,5194
6933,6397
6934,1645
6935,4271
6936,5191
6937,8485
6938,5558
6939,4260
6940,8081
6941,6468
6942,1653
6943,70
6944,1371
6945,6697
6946,6803
6947,2495
6948,5776
6949,5526
6950,7473
6951,1460
6952,6918
6953,8345
6954,7831
6955,13
6956,9761
6957,584
6958,5673
6959,8386
6960,346
6961,9683
6962,5038
6963,9012
6964,647
6965,1980
6966,1109
6967,2075
6968,9849
6969,3679
6970,361
6971,5572
6972,1504
6973,9177
6974,1915
6975,2746
6976,2043
6977,700
6978,2197
6979,7084
6980,5737
6981,8069
6982,3427
6983,1250
6984,5345
6985,6232
6986,215
6987,4654
6988,72
6989,3224
6990,1503
6991,432
6992,6566
6993,98
6994,3366
6995,9985
6996,2752
6997,7377
6998,9103
6999,5040
7000,2119
7001,1139
7002,1422
7003,3623
7004,6958
7005,3023
7006,9683
7007,4228
7008,7831
7009,824
7010,8968
7011,7547
7012,7564
7013,3739
7014,7851
7015,9811
7016,7114
7017,1183
7018,6738
7019,3742
7020,7908
7021,1553
7022,5846
7023,6963
7024,1594
7025,1442
7026,9324
7027,4990
7028,6095
7029,5494
7030,8095
7031,256
7032,6215
7033,4383
7034,7176
7035,8013
7036,7558
7037,2193
7038,8054
7039,9609
7040,3170
7041,8401
7042,8787
7043,2944
7044,4292
7045,4086
7046,1429
7047,1351
7048,772
7049,9810
7050,2578
7051,6998
7052,6320
7053,7269
7054,1052
7055,3305
7056,6363
7057,769
7058,1740
7059,4196
7060,2961
7061,5379
7062,3859
7063,6189
7064,576
7065,4231
7066,633
7067,7568
7068,6583
7069,2335
7070,1337
7071,1044
7072,7337
7073,3494
7074,1166
7075,1577
7076,7916
7077,4928
7078,6118
7079,2897
7080,9457
7081,7470
7082,8130
7083,1258
7084,3394
7085,4771
7086,8340
7087,1951
7088,8404
7089,1084
7090,3330
7091,3455
7092,5161
7093,2228
7094,2513
7095,3369
7096,3066
7097,576
7098,4811
7099,9191
7100,4893
7101,860
7102,3405
7103,2781
7104,5320
7105,2674
7106,8627
7107,8724
7108,1711
7109,5825
7110,462
7111,2093
7112,3453
7113,256
7114,909
7115,3809
7116,3160
7117,3796
7118,1259
7119,6391
7120,7035
7121,9681
7122,3672
7123,7724
7124,8564
7125,4329
7126,9461
7127,3690
7128,6197
7129,37
7130,1153
7131,766
7132,9098
7133,3673
7134,5714
7135,5920
7136,8159
7137,8006
7138,5751
7139,2415
7140,6690
7141,9719
7142,7647
7143,378
7144,8563
7145,8831
7146,4441
7147,3412
7148,3827
7149,7574
7150,3720
7151,5321
7152,8169
7153,1086
7154,50
7155,6737
7156,2971
7157,2150
7158,9988
7159,4820
7160,731
7161,8999
7162,6393
7163,5487
7164,7350
7165,9954
7166,6868
7167,1865
7168,7033
7169,5803
7170,6171
7171,578
7172,1963
7173,822
7174,1857
7175,4691
7176,1574
7177,6868
7178,4517
7179,3776
7180,9911
7181,1021
7182,9282
7183,3032
7184,7610
7185,9272
7186,5893
7187,6707
7188,5346
7189,14
7190,203
7191,5313
7192,7019
7193,5954
7194,1449
7195,632
7196,8823
7197,7586
7198,4531
7199,8270
7200,4054
7201,8577
7202,611
7203,2153
7204,2358
7205,9137
7206,4281
7207,5737
7208,2573
7209,3496
7210,9028
7211,3309
7212,9223
7213,7257
7214,6740
7215,1642
7216,2351
7217,2146
7218,7034
7219,1958
7220,5904
7221,7546
7222,9611
7223,5836
7224,8801
7225,4785
7226,383
7227,8222
7228,6105
7229,6825
7230,9578
7231,1163
7232,5530
7233,7288
7234,9168
7235,6714
7236,3906
7237,4781
7238,7752
7239,8483
7240,6492
7241,7348
7242,788
7243,9174
7244,9259
7245,1009
7246,8427
7247,5731
7248,2382
7249,5647
7250,3925
7251,3751
7252,5409
7253,5300
7254,6409
7255,6670
7256,5255
7257,6670
7258,9721
7259,8835
7260,1946
7261,4382
7262,192
7263,6457
7264,1931
7265,969
7266,1318
7267,4149
7268,9821
7269,4425
7270,7939
7271,6576
7272,9312
7273,2526
7274,1806
7275,3338
7276,7822
7277,4753
7278,5943
7279,6835
7280,9298
7281,5368
7282,72
7283,8437
7284,2562
7285,3541
7286,116
7287,7626
7288,8725
7289,4107
7290,8328
7291,3150
7292,680
7293,8749
7294,3881
7295,3537
7296,3530
7297,8919
7298,142
7299,5180
7300,8189
7301,8852
7302,6442
7303,9041
7304,3474
7305,4135
7306,7774
7307,5876
7308,5680
7309,8813
7310,7302
7311,8005
7312,3567
7313,3965
7314,1798
7315,1669
7316,9067
7317,1429
7318,2809
7319,429
7320,7389
7321,3401
7322,7269
7323,2155
7324,5848
7325,4286
7326,4565
7327,3722
7328,3549
7329,7008
7330,5751
7331,8591
7332,4123
7333,8228
7334,3161
7335,473
7336,2420
7337,4912
7338,7713
7339,4842
7340,6259
7341,6425
7342,391
7343,4486
7344,6663
7345,1403
7346,1182
7347,9130
7348,6647
7349,160
7350,8725
7351,8831
7352,9079
7353,6143
7354,7145
7355,568
7356,2397
7357,8438
7358,4456
7359,113
7360,9344
7361,484
7362,7569
7363,2644
7364,7761
7365,3159
7366,444
7367,4820
7368,1887
7369,1355
7370,8583
7371,3340
7372,4279
7373,5729
7374,6145
7375,2537
7376,9553
7377,450
7378,4834
7379,800
7380,1739
7381,8584
7382,4963
7383,1490
7384,5673
7385,1550
7386,6982
7387,2429
7388,4400
7389,9482
7390,7699
7391,1475
7392,3839
7393,9942
7394,7356
7395,9880
7396,6411
7397,7997
7398,4081
7399,2488
7400,3622
7401,5692
7402,3245
7403,2977
7404,4534
7405,4
7406,7125
7407,3618
7408,6416
7409,7301
7410,3898
7411,1521
7412,7040
7413,2141
7414,763
7415,7182
7416,1739
7417,4040
7418,6950
7419,4135
7420,2736
7421,8990
7422,6453
7423,5642
7424,7853
7425,210
7426,2102
7427,9253
7428,4943
7429,658
7430,8668
7431,2013
7432,5000
7433,5208
7434,4017
7435,9341
7436,7872
7437,8827
7438,5495
7439,3768
7440,710
7441,3474
7442,3661
7443,3485
7444,3000
7445,3350
7446,9086
7447,3271
7448,1911
7449,6315
7450,684
7451,9214
7452,8106
7453,4814
7454,9930
7455,9225
7456,3078
7457,6874
7458,6768
7459,1325
7460,8120
7461,2488
7462,2697
7463,3226
7464,8543
7465,3559
7466,5424
7467,3744
7468,1215
7469,9595
7470,3539
7471,2547
7472,5712
7473,3078
7474,3479
7475,949
7476,709
7477,2920
7478,3217
7479,485
7480,4160
7481,2546
7482,1315
7483,1036
7484,4158
7485,8183
7486,9431
7487,6738
7488,4739
7489,8759
7490,2802
7491,1065
7492,8981
7493,2543
7494,4370
7495,4186
7496,6898
7497,4014
7498,4919
7499,8149
7500,3945
7501,2907
7502,1999
7503,551
7504,8337
7505,2640
7506,8242
7507,6003
7508,8643
7509,2075
7510,3230
7511,2596
7512,2196
7513,7948
7514,8833
7515,6447
7516,2159
7517,5542
7518,4038
7519,1375
7520,898
7521,7012
7522,3758
7523,7676
7524,5425
7525,5521
7526,8980
7527,9155
7528,9106
7529,9420
7530,6777
7531,2110
7532,182
7533,3232
7534,7208
7535,6388
7536,1224
7537,7331
7538,1735
7539,3032
7540,4035
7541,2114
7542,5402
7543,7346
7544,8341
7545,1280
7546,2765
7547,5259
7548,1050
7549,6526
7550,8169
7551,1481
7552,7137
7553,2328
7554,660
7555,1814
7556,1222
7557,458
7558,4241
7559,248
7560,2677
7561,6629
7562,887
7563,5211
7564,5204
7565,1565
7566,3823
7567,4877
7568,7716
7569,3071
7570,4675
7571,3498
7572,6238
7573,9907
7574,2461
7575,448
7576,5887
7577,8995
7578,3152
7579,3320
7580,8202
7581,8902
7582,2553
7583,3112
7584,5502
7585,3516
7586,4501
7587,1654
7588,432
7589,219
7590,1760
7591,6313
7592,86
7593,2775
7594,4962
7595,8273
7596,1747
7597,5426
7598,5555
7599,8646
7600,9692
7601,1165
7602,7964
7603,2017
7604,6395
7605,7961
7606,3418
7607,8173
7608,1183
7609,562
7610,896
7611,6011
7612,5833
7613,4218
7614,9930
7615,9041
7616,2538
7617,4170
7618,6372
7619,5753
7620,2270
7621,9938
7622,5602
7623,7568
7624,3400
7625,7754
7626,3395
7627,8899
7628,6857
7629,1732
7630,5688
7631,9608
7632,2782
7633,7228
7634,9158
7635,9800
7636,8590
7637,2028
7638,4620
7639,7766
7640,4948
7641,76
7642,6222
7643,5652
7644,407
7645,6344
7646,2257
7647,6912
7648,873
7649,4048
7650,7166
7651,5958
7652,3090
7653,4844
7654,6338
7655,2399
7656,4382
7657,6238
7658,4990
7659,356
7660,6233
7661,9383
7662,7733
7663,7772
7664,3658
7665,1028
7666,8974
7667,4569
7668,1233
7669,8163
7670,6385
7671,5287
7672,2641
7673,7654
7674,2258
7675,2055
7676,1627
7677,9129
7678,8560
7679,8985
7680,9969
7681,3092
7682,8699
7683,4027
7684,9563
7685,1725
7686,4505
7687,2512
7688,185
7689,1101
7690,3013
7691,9963
7692,446
7693,4963
7694,5384
7695,5776
7696,9043
7697,3641
7698,9233
7699,95
7700,9214
7701,41
7702,7533
7703,85
7704,4858
7705,7242
7706,2459
7707,2176
7708,8842
7709,2721
7710,2937
7711,8727
7712,9419
7713,9035
7714,4081
7715,4031
7716,5075
7717,7999
7718,3604
7719,8597
7720,9952
7721,7578
7722,2100
7723,6941
7724,8164
7725,8738
7726,7558
7727,5011
7728,5533
7729,138
7730,3525
7731,2858
7732,455
7733,5315
7734,9400
7735,9394
7736,4207
7737,3383
7738,6641
7739,4649
7740,7147
7741,3195
7742,9327
7743,5672
7744,6888
7745,3297
7746,3117
7747,6244
7748,6989
7749,7837
7750,8851
7751,7361
7752,8653
7753,4228
7754,1963
7755,9142
7756,264
7757,496
7758,8409
7759,7063
7760,4456
7761,4137
7762,125
7763,4155
7764,1179
7765,1635
7766,9672
7767,6044
7768,4465
7769,5177
7770,1162
7771,4447
7772,3155
7773,8218
7774,4824
7775,6046
7776,4853
7777,6393
7778,8344
7779,9403
7780,7876
7781,5165
7782,1191
7783,3
7784,8792
7785,5697
7786,9012
7787,5107
7788,7467
7789,6290
7790,1258
7791,4473
7792,3811
7793,8292
7794,1156
7795,5858
7796,4182
7797,533
7798,8917
7799,4536
7800,5239
7801,6941
7802,5445
7803,9242
7804,3888
7805,8710
7806,2515
7807,1513
7808,7705
7809,1472
7810,9203
7811,5734
7812,2848
7813,7542
7814,7722
7815,1202
7816,2595
7817,3703
7818,8232
7819,234
7820,486
7821,7295
7822,7614
7823,3722
7824,7566
7825,9774
7826,1556
7827,4698
7828,6391
7829,3482
7830,2067
7831,6318
7832,8649
7833,6783
7834,7891
7835,5986
7836,2465
7837,9233
7838,1378
7839,8574
7840,5238
7841,1434
7842,1615
7843,5386
7844,5106
7845,9597
7846,2566
7847,710
7848,1107
7849,2670
7850,8717
7851,6596
7852,3724
7853,6086
7854,7187
7855,8368
7856,9187
7857,3843
7858,5065
7859,3518
7860,4920
7861,4702
7862,731
7863,8456
7864,4244
7865,6335
7866,1552
7867,5046
7868,9914
7869,9569
7870,7867
7871,5710
7872,3277
7873,8125
7874,7135
7875,4947
7876,793
7877,1848
7878,7250
7879,4310
7880,1426
7881,8763
7882,8091
7883,7307
7884,1977
7885,3495
7886,968
7887,282
7888,9318
7889,8230
7890,2363
7891,9055
7892,2011
7893,701
7894,2263
7895,8968
7896,4502
7897,9867
7898,7248
7899,5765
7900,6237
7901,5694
7902,655
7903,226
7904,515
7905,7713
7906,7300
7907,6558
7908,2783
7909,2067
7910,1449
7911,665
7912,9578
7913,6138
7914,6092
7915,6716
7916,2534
7917,4547
7918,392
7919,2075
7920,8336
7921,3464
7922,7238
7923,2656
7924,1022
7925,1794
7926,9902
7927,4086
7928,3067
7929,4042
7930,4451
7931,969
7932,7633
7933,1532
7934,7467
7935,5902
7936,5358
7937,7883
7938,5473
7939,8577
7940,5185
7941,720
7942,8566
7943,164
7944,3284
7945,2628
7946,5606
7947,2166
7948,1329
7949,5329
7950,516
7951,7425
7952,8157
7953,2054
7954,9795
7955,507
7956,7701
7957,4839
7958,4317
7959,9631
7960,7800
7961,5124
7962,866
7963,8068
7964,4745
7965,3781
7966,5519
7967,2651
7968,682
7969,7084
7970,3699
7971,9916
7972,8105
7973,5953
7974,7199
7975,1779
7976,2163
7977,6877
7978,786
7979,2326
7980,5142
7981,9466
7982,2955
7983,2437
7984,7817
7985,7953
7986,2121
7987,242
7988,7796
7989,3974
7990,5216
7991,115
7992,9979
7993,9258
7994,708
7995,1593
7996,6329
7997,421
7998,7016
7999,7650
8000,6728
8001,2286
8002,1448
8003,6227
8004,510
8005,9105
8006,5599
8007,9512
8008,4985
8009,1161
8010,2614
8011,4066
8012,5884
8013,1686
8014,2840
8015,3592
8016,3107
8017,8460
8018,2399
8019,1721
8020,5166
8021,1241
8022,3729
8023,1475
8024,178
8025,2366
8026,3076
8027,8115
8028,1220
8029,103
8030,4469
8031,2675
8032,8963
8033,9053
8034,2470
8035,4266
8036,4885
8037,8495
8038,3679
8039,7329
8040,1929
8041,3196
8042,1393
8043,7541
8044,4019
8045,6830
8046,2909
8047,580
8048,7229
8049,6894
8050,3669
8051,1692
8052,4135
8053,9708
8054,5619
8055,9918
8056,8857
8057,1779
8058,2861
8059,9027
8060,487
8061,3077
8062,1631
8063,7742
8064,4862
8065,5832
8066,3816
8067,4579
8068,1317
8069,916
8070,7713
8071,2850
8072,6304
8073,8076
8074,6005
8075,7116
8076,4006
8077,230
8078,5569
8079,5610
8080,8559
8081,665
8082,2735
8083,5747
8084,7813
8085,2893
8086,6315
8087,8971
8088,1609
8089,6430
8090,158
8091,8827
8092,3758
8093,3654
8094,303
8095,2064
8096,5081
8097,7113
8098,4701
8099,8879
8100,3574
8101,1393
8102,6041
8103,7044
8104,4376
8105,857
8106,7170
8107,1484
8108,657
8109,5726
8110,6142
8111,2328
8112,6720
8113,8147
8114,7158
8115,1644
8116,182
8117,8566
8118,5745
8119,4664
8120,5026
8121,4172
8122,592
8123,8045
8124,5222
8125,3002
8126,2926
8127,1808
8128,6524
8129,359
8130,1648
8131,4228
8132,5971
8133,6622
8134,4813
8135,7511
8136,9509
8137,390
8138,9176
8139,2650
8140,2247
8141,159
8142,6752
8143,7174
8144,291
8145,2265
8146,71
8147,6426
8148,6865
8149,1044
8150,427
8151,8405
8152,511
8153,2325
8154,110
8155,1518
8156,7989
8157,6384
8158,3629
8159,886
8160,5641
8161,6054
8162,1749
8163,5366
8164,7068
8165,384
8166,2810
8167,3097
8168,1100
8169,1841
8170,3221
8171,4225
8172,287
8173,7020
8174,1185
8175,7649
8176,8858
8177,5374
8178,5727
8179,250
8180,3889
8181,5940
8182,5891
8183,5605
8184,5155
8185,9137
8186,5095
8187,7140
8188,2300
8189,4676
8190,1988
8191,491
8192,2052
8193,1998
8194,1625
8195,7729
8196,6713
8197,922
8198,2191
8199,6176
8200,5182
8201,8635
8202,263
8203,1580
8204,2000
8205,4440
8206,6483
8207,9863
8208,5878
8209,8331
8210,4523
8211,9985
8212,1722
8213,58
8214,9071
8215,707
8216,1469
8217,5047
8218,7578
8219,3604
8220,5983
8221,2328
8222,3005
8223,1665
8224,6312
8225,7056
8226,4921
8227,9293
8228,7495
8229,4678
8230,9419
8231,8608
8232,1770
8233,5403
8234,3482
8235,3345
8236,2920
8237,6488
8238,9812
8239,7827
8240,2347
8241,3423
8242,9665
8243,3079
8244,8561
8245,3967
8246,942
8247,535
8248,7369
8249,9021
8250,281
8251,6442
8252,2118
8253,430
8254,311
8255,9522
8256,6701
8257,8025
8258,7469
8259,3518
8260,9365
8261,9806
8262,7052
8263,852
8264,5241
8265,6841
8266,7164
8267,443
8268,2180
8269,3623
8270,8449
8271,5522
8272,8407
8273,43
8274,4049
8275,7551
8276,5493
8277,5003
8278,9017
8279,4623
8280,3733
8281,6109
8282,7044
8283,4011
8284,1329
8285,9261
8286,9046
8287,6140
8288,5698
8289,3824
8290,5248
8291,8739
8292,1825
8293,6036
8294,9642
8295,2380
8296,7364
8297,8515
8298,629
8299,316
8300,558
8301,505
8302,2566
8303,5949
8304,6325
8305,8077
8306,3245
8307,4505
8308,5213
8309,6803
8310,7834
8311,24
8312,4376
8313,9553
8314,1572
8315,5573
8316,6625
8317,1650
8318,2093
8319,8123
8320,778
8321,5644
8322,6488
8323,9745
8324,2418
8325,8544
8326,5894
8327,1459
8328,3920
8329,1830
8330,5840
8331,1636
8332,5057
8333,2949
8334,6944
8335,6191
8336,7116
8337,8689
8338,8940
8339,1502
8340,9065
8341,7819
8342,1422
8343,615
8344,2185
8345,2855
8346,400
8347,8194
8348,1473
8349,5461
8350,7527
8351,9950
8352,5075
8353,5276
8354,1337
8355,2215
8356,8525
8357,4336
8358,8992
8359,2394
8360,7498
8361,3954
8362,1879
8363,628
8364,8307
8365,1451
8366,1448
8367,3262
8368,3741
8369,1215
8370,7837
8371,7185
8372,2489
8373,5516
8374,7829
8375,3050
8376,8570
8377,8168
8378,6667
8379,7426
8380,9468
8381,6386
8382,5935
8383,6045
8384,519
8385,2446
8386,2930
8387,8662
8388,8704
8389,8745
8390,7381
8391,4253
8392,7440
8393,1450
8394,905
8395,6609
8396,977
8397,1078
8398,2748
8399,1581
8400,6840
8401,5173
8402,9154
8403,2682
8404,3936
8405,4093
8406,3365
8407,6166
8408,256
8409,429
8410,9645
8411,1663
8412,1595
8413,8581
8414,130
8415,4769
8416,9604
8417,1416
8418,5585
8419,9501
8420,9989
8421,7278
8422,5245
8423,9232
8424,9980
8425,2510
8426,2428
8427,4199
8428,3468
8429,7006
8430,1784
8431,6770
8432,8634
8433,8119
8434,97
8435,1933
8436,4020
8437,1394
8438,6900
8439,1869
8440,7167
8441,879
8442,8870
8443,7947
8444,1548
8445,3261
8446,5210
8447,7709
8448,9807
8449,3413
8450,7043
8451,8026
8452,9624
8453,6843
8454,1422
8455,5219
8456,9896
8457,2806
8458,3809
8459,3168
8460,937
8461,5113
8462,2815
8463,9357
8464,5600
8465,9091
8466,5226
8467,6719
8468,5614
8469,6171
8470,3445
8471,7074
8472,1512
8473,9088
8474,6158
8475,2844
8476,6616
8477,3744
8478,5488
8479,9863
8480,2207
8481,7295
8482,7149
8483,6544
8484,2707
8485,7464
8486,3236
8487,6888
8488,210
8489,6628
8490,9429
8491,4111
8492,7721
8493,3926
8494,127
8495,7613
8496,1297
8497,9315
8498,9399
8499,5223
8500,1338
8501,2871
8502,8926
8503,8654
8504,5904
8505,7432
8506,8132
8507,3505
8508,1745
8509,8357
8510,4796
8511,7074
8512,3611
8513,2707
8514,3658
8515,9859
8516,4611
8517,89
8518,3575
8519,4239
8520,9464
8521,2264
8522,6089
8523,5887
8524,4059
8525,8585
8526,748
8527,6222
8528,6320
8529,7265
8530,2962
8531,9500
8532,8686
8533,8141
8534,4917
8535,7324
8536,6311
8537,2585
8538,5798
8539,9542
8540,2093
8541,8832
8542,3011
8543,8161
8544,399
8545,8780
8546,3534
8547,9303
8548,4760
8549,718
8550,7812
8551,9352
8552,4307
8553,6700
8554,3196
8555,4171
8556,2660
8557,968
8558,1511
8559,3444
8560,970
8561,9358
8562,7283
8563,7190
8564,4900
8565,4244
8566,7656
8567,9605
8568,916
8569,3317
8570,8660
8571,354
8572,4381
8573,4069
8574,3870
8575,9338
8576,4804
8577,572
8578,4922
8579,7150
8580,4311
8581,6230
8582,4481
8583,4910
8584,328
8585,4033
8586,223
8587,8636
8588,6519
8589,643
8590,6670
8591,5157
8592,1109
8593,4337
8594,563
8595,165
8596,4980
8597,7285
8598,6943
8599,2971
8600,2881
8601,2161
8602,7788
8603,2217
8604,9426
8605,6853
8606,7685
8607,8035
8608,6089
8609,4259
8610,7614
8611,3448
8612,3892
8613,7286
8614,2637
8615,4040
8616,3640
8617,9106
8618,6340
8619,4446
8620,9782
8621,5930
8622,1410
8623,854
8624,3846
8625,8706
8626,8387
8627,4780
8628,8029
8629,9275
8630,3513
8631,6390
8632,4908
8633,2919
8634,7429
8635,9089
8636,2037
8637,3179
8638,2996
8639,4145
8640,959
8641,1751
8642,8382
8643,4957
8644,7860
8645,1304
8646,891
8647,7915
8648,216
8649,3425
8650,7751
8651,3308
8652,5879
8653,5679
8654,9613
8655,2230
8656,7845
8657,9460
8658,7905
8659,8113
8660,4547
8661,9527
8662,8982
8663,788
8664,5496
8665,1985
8666,6426
8667,4615
8668,5328
8669,8323
8670,1404
8671,494
8672,8456
8673,8083
8674,4636
8675,3898
8676,382
8677,325
8678,199
8679,307
8680,8985
8681,7948
8682,942
8683,2240
8684,8402
8685,862
8686,9324
8687,1599
8688,216
8689,4815
8690,279
8691,5184
8692,7532
8693,5011
8694,264
8695,6095
8696,7795
8697,6398
8698,3253
8699,346
8700,373
8701,4389
8702,8837
8703,7928
8704,6475
8705,6349
8706,7216
8707,4959
8708,9161
8709,7462
8710,3192
8711,794
8712,7592
8713,6429
8714,3296
8715,2646
8716,3167
8717,5485
8718,9847
8719,920
8720,175
8721,6633
8722,7543
8723,5648
8724,3147
8725,4254
8726,9198
8727,2251
8728,7326
8729,6064
8730,2313
8731,2087
8732,300
8733,3828
8734,7969
8735,641
8736,9418
8737,5806
8738,351
8739,8405
8740,7571
8741,9251
8742,4477
8743,1538
8744,5480
8745,597
8746,6255
8747,4411
8748,497
8749,9467
8750,5044
8751,2035
8752,1202
8753,1246
8754,2642
8755,5714
8756,1469
8757,4365
8758,205
8759,9997
8760,428
8761,4768
8762,4842
8763,8726
8764,2931
8765,9451
8766,5800
8767,4078
8768,3223
8769,3494
8770,627
8771,7610
8772,9965
8773,8381
8774,7051
8775,5275
8776,368
8777,7143
8778,2701
8779,8620
8780,4480
8781,6866
8782,4766
8783,3808
8784,2281
8785,8101
8786,2453
8787,3613
8788,4599
8789,1762
8790,8543
8791,1660
8792,9887
8793,976
8794,274
8795,6100
8796,633
8797,8047
8798,8155
8799,2807
8800,8737
8801,1191
8802,2311
8803,1898
8804,6400
8805,5172
8806,5758
8807,9469
8808,9836
8809,3997
8810,8905
8811,545
8812,5016
8813,9106
8814,3805
8815,1735
8816,7484
8817,4932
8818,8336
8819,6480
8820,6784
8821,2612
8822,6129
8823,1117
8824,6395
8825,6973
8826,9469
8827,186
8828,2210
8829,2795
8830,636
8831,6345
8832,1434
8833,9867
8834,816
8835,3893
8836,5141
8837,8733
8838,4796
8839,272
8840,1637
8841,2987
8842,3079
8843,987
8844,6204
8845,4364
8846,1844
8847,5503
8848,3141
8849,3942
8850,527
8851,630
8852,4016
8853,3183
8854,5642
8855,3651
8856,7944
8857,6018
8858,1286
8859,77
8860,766
8861,1634
8862,3382
8863,1272
8864,2210
8865,2496
8866,2835
8867,8747
8868,6973
8869,82
8870,4229
8871,2558
8872,3290
8873,7322
8874,3535
8875,3687
8876,8042
8877,3809
8878,5281
8879,3319
8880,9630
8881,3824
8882,6093
8883,6454
8884,9308
8885,5243
8886,5933
8887,2324
8888,5218
8889,6236
8890,1903
8891,1503
8892,5973
8893,221
8894,4306
8895,3659
8896,4666
8897,8456
8898,9088
8899,2013
8900,7940
8901,3103
8902,5723
8903,8547
8904,3433
8905,2735
8906,9879
8907,6425
8908,4204
8909,6120
8910,7799
8911,3052
8912,4280
8913,2024
8914,3805
8915,4131
8916,6179
8917,7651
8918,3380
8919,2680
8920,3671
8921,4419
8922,478
8923,482
8924,8075
8925,6452
8926,4690
8927,918
8928,7675
8929,9353
8930,6499
8931,9397
8932,5949
8933,7226
8934,6176
8935,3776
8936,2077
8937,1176
8938,1793
8939,7475
8940,2890
8941,271
8942,5292
8943,3728
8944,8759
8945,3793
8946,2476
8947,8003
8948,2266
8949,4806
8950,8171
8951,9693
8952,2007
8953,945
8954,46
8955,5396
8956,1369
8957,5917
8958,6447
8959,2493
8960,4654
8961,31
8962,3609
8963,3108
8964,1791
8965,1197
8966,4135
8967,33
8968,4884
8969,5973
8970,2627
8971,4071
8972,4357
8973,7927
8974,6908
8975,6959
8976,5903
8977,1245
8978,495
8979,7350
8980,6024
8981,217
8982,3034
8983,180
8984,8549
8985,1157
8986,227
8987,6074
8988,4437
8989,3320
8990,7343
8991,534
8992,932
8993,7331
8994,6604
8995,6739
8996,9325
8997,2414
8998,4008
8999,5580
9000,4556
9001,6935
9002,2029
9003,7745
9004,211
9005,7766
9006,7049
9007,4696
9008,6427
9009,4904
9010,7578
9011,3707
9012,448
9013,9528
9014,5923
9015,3499
9016,6700
9017,1053
9018,7366
9019,1223
9020,2641
9021,1320
9022,5942
9023,8962
9024,7144
9025,8794
9026,3439
9027,7532
9028,6610
9029,1623
9030,9278
9031,8733
9032,3205
9033,6861
9034,2615
9035,2225
9036,3667
9037,2591
9038,678
9039,8478
9040,5363
9041,4881
9042,3099
9043,7649
9044,4336
9045,3327
9046,2802
9047,8924
9048,8652
9049,9228
9050,785
9051,1420
9052,9431
9053,4946
9054,1123
9055,9756
9056,4504
9057,5105
9058,8197
9059,6743
9060,5578
9061,5993
9062,5543
9063,1472
9064,8773
9065,6771
9066,8000
9067,9300
9068,7702
9069,694
9070,8203
9071,7662
9072,2097
9073,9695
9074,8074
9075,4520
9076,400
9077,123
9078,9445
9079,5821
9080,7990
9081,2123
9082,758
9083,6614
9084,892
9085,4546
9086,4385
9087,9118
9088,9500
9089,2409
9090,8811
9091,442
9092,7026
9093,3818
9094,9832
9095,3325
9096,7861
9097,2783
9098,3723
9099,1077
9100,3337
9101,1836
9102,9824
9103,3264
9104,8654
9105,5934
9106,8147
9107,4095
9108,5918
9109,6113
9110,2676
9111,2527
9112,645
9113,5950
9114,3482
9115,7867
9116,4277
9117,5210
9118,4491
9119,44
9120,4588
9121,5376
9122,5293
9123,6515
9124,2183
9125,9116
9126,4610
9127,5726
9128,5620
9129,6889
9130,3082
9131,5548
9132,4841
9133,1924
9134,3960
9135,4619
9136,6218
9137,4080
9138,6412
9139,7974
9140,4116
9141,6555
9142,4507
9143,8514
9144,2175
9145,8496
9146,3919
9147,5427
9148,2406
9149,4521
9150,9044
9151,7986
9152,2829
9153,3996
9154,4864
9155,1292
9156,2041
9157,5467
9158,1622
9159,9359
9160,8501
9161,9954
9162,9613
9163,2897
9164,2369
9165,1035
9166,9087
9167,1201
9168,8461
9169,1749
9170,5798
9171,5399
9172,2926
9173,3081
9174,1695
9175,2622
9176,6257
9177,889
9178,8557
9179,5021
9180,9804
9181,3827
9182,2208
9183,4415
9184,4096
9185,9089
9186,1878
9187,8865
9188,6399
9189,717
9190,3560
9191,9528
9192,7823
9193,4053
9194,3909
9195,4071
9196,3120
9197,5629
9198,5731
9199,1519
9200,1133
9201,6344
9202,3556
9203,7136
9204,8736
9205,246
9206,9470
9207,8317
9208,4655
9209,2447
9210,6619
9211,7214
9212,6568
9213,4067
9214,8715
9215,2941
9216,8858
9217,7559
9218,657
9219,2928
9220,21
9221,1302
9222,5362
9223,6155
9224,2081
9225,5208
9226,5228
9227,7487
9228,300
9229,6445
9230,5366
9231,9105
9232,1316
9233,3851
9234,6141
9235,7138
9236,6447
9237,1186
9238,384
9239,9542
9240,8260
9241,9239
9242,741
9243,3007
9244,7702
9245,2539
9246,36
9247,5773
9248,2070
9249,7178
9250,5635
9251,4016
9252,4512
9253,2733
9254,9619
9255,805
9256,6372
9257,8970
9258,4630
9259,6426
9260,8073
9261,3193
9262,3910
9263,4835
9264,7575
9265,2329
9266,9054
9267,7854
9268,8448
9269,2239
9270,6458
9271,9987
9272,2784
9273,9172
9274,2150
9275,6816
9276,674
9277,1240
9278,7648
9279,3801
9280,4116
9281,9571
9282,695
9283,7306
9284,9851
9285,4247
9286,3809
9287,647
9288,5580
9289,9007
9290,2548
9291,5617
9292,6421
9293,2578
9294,5541
9295,6485
9296,778
9297,8869
9298,3535
9299,3564
9300,2232
9301,724
9302,4594
9303,7298
9304,5006
9305,1397
9306,7868
9307,9414
9308,8836
9309,5344
9310,4690
9311,4018
9312,2003
9313,5459
9314,9963
9315,318
9316,1956
9317,9330
9318,8877
9319,8291
9320,5377
9321,9776
9322,9810
9323,162
9324,6363
9325,1261
9326,5428
9327,7404
9328,6074
9329,7172
9330,2919
9331,2599
9332,6007
9333,1009
9334,6200
9335,5928
9336,1443
9337,9067
9338,7835
9339,6743
9340,6304
9341,5109
9342,9379
9343,2436
9344,9386
9345,691
9346,7464
9347,4338
9348,5630
9349,4834
9350,9668
9351,1851
9352,5788
9353,4284
9354,4753
9355,5089
9356,2357
9357,4428
9358,592
9359,6779
9360,1550
9361,6126
9362,1711
9363,8674
9364,963
9365,881
9366,9121
9367,5208
9368,8677
9369,6170
9370,4304
9371,9829
9372,4220
9373,8836
9374,8623
9375,2235
9376,8382
9377,4626
9378,6976
9379,5285
9380,1322
9381,7708
9382,6614
9383,2806
9384,779
9385,661
9386,5117
9387,8347
9388,957
9389,1288
9390,9400
9391,4826
9392,8348
9393,9656
9394,7992
9395,3430
9396,7340
9397,3762
9398,3848
9399,9500
9400,6906
9401,523
9402,1944
9403,5582
9404,581
9405,1368
9406,4500
9407,2035
9408,2704
9409,8967
9410,1993
9411,6958
9412,5566
9413,1792
9414,598
9415,6093
9416,5642
9417,3513
9418,734
9419,480
9420,1436
9421,3347
9422,3277
9423,8428
9424,4038
9425,2298
9426,9171
9427,3872
9428,4085
9429,784
9430,2911
9431,3263
9432,8480
9433,2802
9434,4551
9435,5739
9436,7850
9437,1148
9438,9621
9439,842
9440,8221
9441,6936
9442,5665
9443,5823
9444,8331
9445,8203
9446,1571
9447,7749
9448,5375
9449,3442
9450,3399
9451,5348
9452,3063
9453,9378
9454,5361
9455,635
9456,6704
9457,594
9458,224
9459,9191
9460,9825
9461,6904
9462,6790
9463,4260
9464,3769
9465,2672
9466,482
9467,5358
9468,9350
9469,1455
9470,3141
9471,4090
9472,9325
9473,4232
9474,5818
9475,3940
9476,4734
9477,8155
9478,3714
9479,2420
9480,5140
9481,5202
9482,6686
9483,266
9484,5393
9485,5094
9486,9341
9487,7860
9488,7421
9489,7002
9490,2995
9491,9068
9492,3910
9493,4972
9494,721
9495,2272
9496,1394
9497,4233
9498,8412
9499,1421
9500,6311
9501,7987
9502,6039
9503,2675
9504,9388
9505,2392
9506,6410
9507,4328
9508,7883
9509,2511
9510,3041
9511,577
9512,5555
9513,5334
9514,8972
9515,7092
9516,3006
9517,9246
9518,7492
9519,8206
9520,1475
9521,2827
9522,5938
9523,7904
9524,9612
9525,3683
9526,9295
9527,7626
9528,9931
9529,6294
9530,9531
9531,4657
9532,2924
9533,1808
9534,5233
9535,3927
9536,491
9537,9731
9538,9397
9539,2407
9540,7386
9541,6712
9542,2350
9543,1836
9544,2462
9545,1510
9546,6237
9547,2118
9548,1837
9549,8054
9550,3655
9551,9897
9552,5471
9553,6932
9554,2534
9555,4764
9556,8816
9557,5118
9558,8422
9559,3972
9560,7517
9561,7064
9562,5035
9563,5475
9564,965
9565,8561
9566,2929
9567,2841
9568,3570
9569,599
9570,4683
9571,972
9572,7431
9573,3424
9574,3118
9575,7781
9576,2254
9577,1232
9578,8177
9579,8852
9580,3644
9581,2562
9582,8634
9583,5489
9584,8625
9585,7812
9586,4108
9587,1991
9588,7328
9589,8263
9590,6656
9591,6993
9592,8606
9593,5207
9594,970
9595,6809
9596,2872
9597,6039
9598,3285
9599,9063
9600,7650
9601,1460
9602,5475
9603,4593
9604,1849
9605,9671
9606,8347
9607,740
9608,9053
9609,2835
9610,1735
9611,6616
9612,181
9613,5940
9614,9882
9615,5760
9616,5369
9617,6076
9618,1028
9619,2522
9620,1066
9621,7419
9622,6913
9623,4349
9624,4464
9625,3682
9626,47
9627,5901
9628,740
9629,9481
9630,7441
9631,4355
9632,382
9633,1016
9634,7806
9635,915
9636,405
9637,8859
9638,6424
9639,9948
9640,6985
9641,7098
9642,768
9643,2566
9644,6201
9645,7526
9646,8719
9647,8813
9648,2160
9649,6659
9650,8060
9651,7145
9652,6707
9653,1416
9654,2391
9655,4765
9656,2536
9657,5730
9658,7587
9659,6411
9660,8891
9661,7092
9662,7937
9663,5462
9664,4271
9665,1107
9666,3801
9667,4931
9668,5842
9669,2835
9670,7259
9671,6113
9672,2997
9673,5366
9674,6142
9675,6356
9676,1643
9677,1009
9678,1505
9679,3306
9680,876
9681,2500
9682,9339
9683,8269
9684,6874
9685,6158
9686,8956
9687,8400
9688,2401
9689,3435
9690,8442
9691,3477
9692,2628
9693,6280
9694,9061
9695,2006
9696,8513
9697,7725
9698,1582
9699,4474
9700,4975
9701,7438
9702,4006
9703,3942
9704,9532
9705,7183
9706,26
9707,8034
9708,7961
9709,3032
9710,9809
9711,8165
9712,7567
9713,8731
9714,5965
9715,156
9716,6549
9717,9060
9718,6282
9719,6710
9720,6328
9721,8803
9722,32
9723,1754
9724,7875
9725,4927
9726,613
9727,222
9728,7559
9729,9616
9730,8751
9731,8093
9732,3124
9733,7477
9734,5247
9735,8565
9736,2600
9737,6224
9738,347
9739,8582
9740,9279
9741,5601
9742,753
9743,6439
9744,6040
9745,700
9746,8136
9747,3664
9748,9750
9749,5496
9750,2841
9751,8094
9752,8175
9753,4489
9754,4987
9755,1962
9756,8300
9757,7958
9758,9957
9759,3056
9760,4247
9761,4887
9762,4116
9763,8483
9764,4224
9765,9982
9766,6663
9767,5283
9768,2634
9769,5346
9770,6375
9771,9086
9772,4520
9773,477
9774,9822
9775,2852
9776,9543
9777,267
9778,7513
9779,437
9780,6842
9781,1681
9782,3014
9783,7173
9784,8207
9785,3002
9786,3267
9787,4357
9788,3092
9789,1313
9790,9652
9791,1044
9792,1998
9793,6540
9794,4690
9795,6450
9796,8288
9797,7300
9798,3289
9799,3315
9800,2953
9801,350
9802,6541
9803,8203
9804,1694
9805,8902
9806,8190
9807,1224
9808,9257
9809,6659
9810,515
9811,8616
9812,8654
9813,2920
9814,4104
9815,8893
9816,7626
9817,9735
9818,9933
9819,9052
9820,8864
9821,4421
9822,8530
9823,2045
9824,4167
9825,8684
9826,5129
9827,6533
9828,4901
9829,5647
9830,8624
9831,450
9832,7265
9833,8983
9834,7156
9835,477
9836,9992
9837,5838
9838,7289
9839,33
9840,8333
9841,3645
9842,9452
9843,8918
9844,1219
9845,4021
9846,1667
9847,6128
9848,4825
9849,4433
9850,8831
9851,7411
9852,778
9853,4900
9854,1538
9855,3907
9856,8214
9857,6299
9858,2281
9859,9091
9860,2542
9861,4314
9862,7629
9863,7095
9864,6246
9865,6609
9866,1050
9867,2306
9868,9161
9869,8080
9870,1613
9871,6677
9872,1744
9873,119
9874,6821
9875,9806
9876,1117
9877,2542
9878,109
9879,3140
9880,8905
9881,5616
9882,9379
9883,8850
9884,4456
9885,1059
9886,5401
9887,9905
9888,6460
9889,9820
9890,2771
9891,2536
9892,7482
9893,6027
9894,5916
9895,3094
9896,4427
9897,3585
9898,9983
9899,5742
9900,9697
9901,7542
9902,8114
9903,9081
9904,4056
9905,2638
9906,7194
9907,220
9908,5883
9909,837
9910,8860
9911,2657
9912,6673
9913,5452
9914,5517
9915,1326
9916,2000
9917,6496
9918,6743
9919,5623
9920,5712
9921,7733
9922,9037
9923,8750
9924,7473
9925,2545
9926,9618
9927,6190
9928,801
9929,470
9930,401
9931,2277
9932,2647
9933,6572
9934,6142
9935,9650
9936,7156
9937,3458
9938,5163
9939,7295
9940,3618
9941,1918
9942,3372
9943,6491
9944,2945
9945,9378
9946,3967
9947,7900
9948,6001
9949,1541
9950,5550
9951,8730
9952,3837
9953,8941
9954,5474
9955,3125
9956,7071
9957,6906
9958,6018
9959,2828
9960,6961
9961,5338
9962,5675
9963,7573
9964,8606
9965,9016
9966,6600
9967,2085
9968,8412
9969,8488
9970,6457
9971,1625
9972,9159
9973,8980
9974,9091
9975,7265
9976,7596
9977,5228
9978,6979
9979,2373
9980,392
9981,7656
9982,3811
9983,9204
9984,1954
9985,5908
9986,5680
9987,6200
9988,796
9989,2213
9990,3054
9991,8669
9992,2649
9993,2936
9994,1751
9995,6407
9996,2451
9997,1632
9998,100
9999,4555
