0,87
1,4921
2,2451
3,5515
4,6465
5,8515
6,1480
7,9671
8,2321
9,1118
10,5425
11,2122
12,7462
13,3216
14,3544
15,8463
16,2895
17,1807
18,6717
19,9239
20,561
21,2087
22,7144
23,3875
24,7458
25,1096
26,6231
27,1191
28,6434
29,6620
30,4592
31,7116
32,106
33,4520
34,9613
35,3361
36,4657
37,9532
38,4979
39,7709
40,7375
41,8170
42,1890
43,6433
44,5753
45,6114
46,7031
47,9332
48,4403
49,5567
50,1112
51,9631
52,5334
53,8094
54,1203
55,7536
56,7837
57,9406
58,2035
59,795
60,4466
61,6537
62,3080
63,2837
64,5797
65,497
66,8536
67,790
68,7589
69,9402
70,556
71,6748
72,8555
73,1155
74,6585
75,9595
76,7805
77,6070
78,6887
79,8891
80,8335
81,6638
82,1211
83,7990
84,5097
85,7334
86,8039
87,8756
88,7567
89,8695
90,5319
91,3428
92,1704
93,3474
94,1475
95,273
96,7198
97,2527
98,4604
99,4803
100,6121
101,3317
102,6641
103,7632
104,7137
105,2121
106,3123
107,2728
108,1306
109,9745
110,7392
111,1717
112,4820
113,5426
114,4028
115,4931
116,4905
117,7925
118,7519
119,8714
120,9864
121,7437
122,2011
123,4979
124,7830
125,9781
126,2456
127,460
128,4216
129,2373
130,3604
131,6450
132,380
133,6971
134,5812
135,4787
136,7197
137,4859
138,948
139,6509
140,5328
141,7709
142,823
143,4944
144,4761
145,7998
146,6350
147,9268
148,6923
149,7304
150,2372
151,2553
152,3153
153,3481
154,6472
155,9478
156,8390
157,4578
158,2768
159,6
160,833
161,9968
162,6464
163,9434
164,5211
165,6267
166,5214
167,6352
168,8501
169,1739
170,5018
171,2499
172,3001
173,977
174,5388
175,2909
176,2638
177,8490
178,908
179,1859
180,9091
181,6786
182,6435
183,1682
184,6764
185,2428
186,3452
187,4084
188,3134
189,2308
190,1464
191,8500
192,41
193,2143
194,599
195,8450
196,4313
197,3999
198,9106
199,5762
200,3092
201,6152
202,7763
203,9366
204,4928
205,4983
206,7204
207,169
208,8979
209,4224
210,4022
211,9113
212,7547
213,3536
214,3610
215,8859
216,1958
217,6263
218,4610
219,4963
220,2805
221,2465
222,5436
223,4738
224,2317
225,9195
226,3131
227,1973
228,5228
229,6164
230,610
231,7165
232,9571
233,106
234,2250
235,3337
236,3861
237,1322
238,1923
239,2743
240,6154
241,9273
242,6760
243,7871
244,3118
245,8768
246,7202
247,8898
248,1642
249,8533
250,2305
251,7912
252,1714
253,861
254,711
255,7010
256,6616
257,2603
258,2855
259,6695
260,4856
261,8224
262,1331
263,3151
264,3560
265,4276
266,1562
267,9003
268,2598
269,651
270,3284
271,4393
272,4871
273,9182
274,108
275,5646
276,6668
277,4443
278,966
279,8692
280,7435
281,8694
282,5692
283,9197
284,9654
285,7467
286,2459
287,1717
288,6289
289,972
290,1427
291,6014
292,2168
293,7545
294,96
295,3706
296,7732
297,8700
298,8934
299,7286
300,5438
301,1007
302,9991
303,6645
304,8138
305,524
306,9541
307,5812
308,5287
309,2691
310,6706
311,7988
312,8075
313,8585
314,7653
315,712
316,2262
317,4164
318,8984
319,7121
320,4549
321,6114
322,1415
323,5295
324,8995
325,9909
326,4351
327,644
328,7679
329,44
330,8268
331,6967
332,2689
333,2132
334,8653
335,6963
336,8840
337,4028
338,9489
339,6945
340,6911
341,2316
342,9763
343,8439
344,1207
345,7185
346,4854
347,9505
348,2246
349,1608
350,4120
351,7881
352,7546
353,1287
354,8660
355,8257
356,1752
357,9521
358,5987
359,9494
360,2156
361,6649
362,7950
363,454
364,4987
365,5122
366,4007
367,3276
368,2172
369,6552
370,8780
371,1977
372,317
373,7121
374,3549
375,5376
376,3944
377,337
378,98
379,5771
380,1894
381,3730
382,5463
383,1951
384,1689
385,8604
386,7226
387,3322
388,9145
389,6185
390,2954
391,2278
392,3058
393,8485
394,9745
395,9463
396,577
397,9734
398,1323
399,2295
400,9207
401,2926
402,6301
403,8438
404,6031
405,688
406,7925
407,6102
408,3735
409,7636
410,8
411,4594
412,4803
413,3538
414,8360
415,1584
416,5771
417,4376
418,7152
419,6703
420,4715
421,221
422,2488
423,3442
424,6294
425,8546
426,9018
427,5646
428,450
429,4525
430,9192
431,49
432,3112
433,1245
434,4792
435,8892
436,499
437,4343
438,3264
439,8023
440,4856
441,4949
442,3049
443,5841
444,5027
445,4873
446,9925
447,3233
448,7795
449,8487
450,8420
451,500
452,2709
453,9310
454,4508
455,5720
456,5720
457,5796
458,5933
459,1784
460,4947
461,6011
462,944
463,3354
464,5591
465,4691
466,304
467,67
468,2886
469,6116
470,2436
471,4255
472,6098
473,1492
474,2152
475,6454
476,5672
477,316
478,714
479,7074
480,3004
481,980
482,4993
483,5055
484,8197
485,8400
486,7584
487,671
488,9148
489,6952
490,2949
491,4499
492,8516
493,8045
494,580
495,3241
496,3160
497,3951
498,7681
499,1795
500,7462
501,3834
502,7076
503,6323
504,3527
505,845
506,4731
507,6499
508,3615
509,6803
510,8544
511,6373
512,7383
513,9258
514,9696
515,6374
516,828
517,4455
518,94
519,6912
520,7713
521,5856
522,1479
523,5388
524,699
525,1981
526,6704
527,5979
528,3545
529,5876
530,5920
531,2611
532,3620
533,1266
534,6098
535,6310
536,9178
537,9211
538,7335
539,7051
540,2230
541,5844
542,8798
543,6667
544,2529
545,6068
546,588
547,8977
548,7326
549,9503
550,4523
551,2381
552,5815
553,7601
554,5187
555,6838
556,3019
557,3738
558,70
559,1771
560,7863
561,937
562,2731
563,7861
564,6226
565,3155
566,2601
567,1819
568,753
569,2319
570,9202
571,8769
572,6432
573,9786
574,5236
575,8936
576,7771
577,8456
578,7326
579,5057
580,2284
581,3144
582,6182
583,3649
584,7635
585,6337
586,7865
587,5519
588,3353
589,4310
590,6631
591,1646
592,1173
593,6393
594,864
595,1805
596,866
597,4402
598,360
599,4261
600,3244
601,730
602,7392
603,4672
604,1522
605,485
606,9886
607,5252
608,3911
609,2061
610,3767
611,4795
612,2759
613,1063
614,2934
615,6244
616,4034
617,1334
618,4687
619,7459
620,5067
621,5753
622,2410
623,125
624,2325
625,1444
626,1784
627,3283
628,8611
629,6668
630,851
631,2923
632,563
633,6952
634,8984
635,9327
636,3677
637,6913
638,7394
639,299
640,3979
641,3711
642,3328
643,5524
644,4490
645,771
646,1211
647,9022
648,2851
649,1509
650,2768
651,8629
652,4946
653,2225
654,7248
655,4011
656,9751
657,1559
658,5433
659,7623
660,2642
661,4896
662,7853
663,5457
664,649
665,9687
666,4419
667,1543
668,1359
669,3355
670,3482
671,4
672,6790
673,6844
674,3866
675,354
676,8742
677,244
678,5764
679,6623
680,4667
681,297
682,3160
683,5494
684,2074
685,1708
686,2341
687,756
688,7748
689,8837
690,6798
691,1361
692,2286
693,5308
694,241
695,1745
696,7737
697,159
698,6107
699,3066
700,27
701,3636
702,2470
703,7713
704,3722
705,473
706,2397
707,4733
708,2167
709,5094
710,1429
711,9231
712,1195
713,9454
714,5467
715,970
716,4142
717,9102
718,1181
719,4997
720,9533
721,8614
722,7808
723,6187
724,1549
725,1657
726,9381
727,6993
728,3846
729,5201
730,9124
731,4031
732,5974
733,726
734,9979
735,1905
736,7409
737,2456
738,9978
739,9634
740,1315
741,6475
742,7564
743,1959
744,2950
745,5505
746,6954
747,2076
748,1201
749,353
750,4722
751,317
752,403
753,7565
754,2501
755,2582
756,1976
757,7043
758,3980
759,4222
760,9357
761,5280
762,5872
763,8269
764,3708
765,683
766,9351
767,2176
768,6081
769,3650
770,4523
771,2882
772,4874
773,3162
774,7517
775,1433
776,7416
777,4761
778,5698
779,9512
780,9272
781,8726
782,475
783,9418
784,1879
785,6899
786,7601
787,7611
788,9912
789,4493
790,4501
791,9870
792,8213
793,962
794,8543
795,8908
796,9695
797,1870
798,2251
799,6809
800,7772
801,537
802,6752
803,219
804,4289
805,1600
806,9930
807,7301
808,3533
809,1701
810,7978
811,688
812,1736
813,1312
814,4904
815,6484
816,8305
817,5991
818,7045
819,6028
820,2109
821,1560
822,3548
823,7339
824,7223
825,7997
826,633
827,1931
828,5565
829,5583
830,9254
831,6296
832,5909
833,287
834,7721
835,379
836,7221
837,814
838,9535
839,9551
840,8463
841,8581
842,8295
843,5803
844,7257
845,1002
846,7693
847,427
848,4442
849,7304
850,6146
851,9996
852,5291
853,1521
854,6528
855,3242
856,3291
857,997
858,9320
859,8289
860,6329
861,6974
862,9738
863,5508
864,5182
865,3462
866,5783
867,2713
868,3848
869,7716
870,102
871,491
872,6388
873,2052
874,5332
875,2960
876,3800
877,4234
878,8740
879,5344
880,8715
881,4003
882,7201
883,2399
884,6891
885,252
886,1098
887,7092
888,498
889,559
890,7133
891,8766
892,5242
893,2825
894,5649
895,993
896,6613
897,7833
898,7670
899,6701
900,8018
901,3924
902,3287
903,2698
904,876
905,8799
906,7295
907,375
908,1674
909,6217
910,1025
911,4837
912,909
913,6404
914,7248
915,4380
916,9356
917,3246
918,135
919,857
920,9341
921,5525
922,951
923,5604
924,5381
925,8436
926,938
927,8373
928,1038
929,3954
930,9826
931,4588
932,4975
933,7918
934,7142
935,440
936,9640
937,2112
938,4255
939,6282
940,6493
941,7849
942,3954
943,5481
944,4016
945,480
946,7336
947,7228
948,6849
949,6513
950,7668
951,3794
952,1350
953,4670
954,2199
955,1346
956,7503
957,7181
958,4913
959,6053
960,7032
961,4698
962,3842
963,8550
964,2131
965,2076
966,7549
967,1786
968,2807
969,5911
970,2065
971,383
972,2755
973,1652
974,1591
975,6130
976,5981
977,6263
978,8842
979,3866
980,746
981,7727
982,7850
983,956
984,6992
985,1829
986,2816
987,6540
988,3273
989,5910
990,3950
991,5132
992,5846
993,4580
994,5246
995,2792
996,5869
997,9539
998,8609
999,2944
1000,8693
1001,7745
1002,7771
1003,8649
1004,7122
1005,2892
1006,1475
1007,1321
1008,4050
1009,3845
1010,9974
1011,6034
1012,9182
1013,1635
1014,5137
1015,6644
1016,9119
1017,8184
1018,2407
1019,7419
1020,8094
1021,1122
1022,7782
1023,682
1024,1056
1025,6238
1026,898
1027,1162
1028,5481
1029,5719
1030,9564
1031,711
1032,5216
1033,7131
1034,7222
1035,4128
1036,9536
1037,2105
1038,929
1039,4144
1040,6721
1041,5242
1042,6261
1043,7564
1044,8714
1045,9872
1046,2051
1047,530
1048,8324
1049,3964
1050,526
1051,9256
1052,7332
1053,5647
1054,3406
1055,9998
1056,7448
1057,798
1058,5381
1059,273
1060,8995
1061,2332
1062,1098
1063,7326
1064,9391
1065,5243
1066,5760
1067,1110
1068,9421
1069,9292
1070,767
1071,9643
1072,3202
1073,523
1074,3767
1075,348
1076,1986
1077,8717
1078,9507
1079,276
1080,8093
1081,2172
1082,9728
1083,3535
1084,823
1085,9808
1086,1200
1087,1239
1088,8265
1089,8950
1090,8463
1091,6251
1092,1072
1093,3171
1094,2506
1095,1195
1096,1282
1097,9239
1098,7680
1099,737
1100,9955
1101,1164
1102,7569
1103,9951
1104,8271
1105,2728
1106,4379
1107,5881
1108,7920
1109,2730
1110,5142
1111,5799
1112,1122
1113,3189
1114,4378
1115,5051
1116,5080
1117,5838
1118,9931
1119,1627
1120,2842
1121,7185
1122,8786
1123,821
1124,7634
1125,5098
1126,8066
1127,3827
1128,175
1129,3337
1130,1463
1131,1677
1132,327
1133,4320
1134,1267
1135,9842
1136,447
1137,6785
1138,3899
1139,4000
1140,7853
1141,2286
1142,5430
1143,4380
1144,2964
1145,1249
1146,4939
1147,3995
1148,555
1149,9068
1150,7836
1151,22
1152,5263
1153,4883
1154,8818
1155,6752
1156,2506
1157,5513
1158,6606
1159,1631
1160,9222
1161,2889
1162,6011
1163,149
1164,4307
1165,5442
1166,4392
1167,968
1168,4676
1169,700
1170,9090
1171,3373
1172,7004
1173,7221
1174,4000
1175,4817
1176,4477
1177,6614
1178,2321
1179,5852
1180,9374
1181,3028
1182,4360
1183,2558
1184,1926
1185,3271
1186,9646
1187,5919
1188,8591
1189,5052
1190,6392
1191,8525
1192,2915
1193,1566
1194,7690
1195,1194
1196,6901
1197,1513
1198,6163
1199,6141
1200,6676
1201,6424
1202,8900
1203,5223
1204,3698
1205,6450
1206,8039
1207,2829
1208,7305
1209,8046
1210,4242
1211,421
1212,208
1213,5195
1214,9191
1215,7847
1216,8687
1217,279
1218,6822
1219,7195
1220,7309
1221,4065
1222,773
1223,7752
1224,8094
1225,3296
1226,8281
1227,1780
1228,2696
1229,9759
1230,5588
1231,6560
1232,4070
1233,4918
1234,4823
1235,8066
1236,300
1237,9042
1238,7740
1239,8996
1240,6969
1241,5801
1242,1552
1243,1682
1244,2155
1245,4584
1246,2853
1247,7467
1248,8915
1249,9716
1250,7669
1251,9221
1252,5296
1253,1549
1254,1888
1255,9587
1256,3730
1257,8176
1258,8480
1259,9926
1260,5432
1261,2806
1262,7345
1263,2822
1264,8529
1265,264
1266,1747
1267,7166
1268,994
1269,6882
1270,7370
1271,7988
1272,9412
1273,5365
1274,4218
1275,646
1276,3040
1277,3068
1278,4601
1279,8587
1280,5578
1281,338
1282,7412
1283,469
1284,6642
1285,7852
1286,1510
1287,206
1288,3935
1289,3758
1290,4606
1291,8866
1292,8673
1293,3852
1294,2771
1295,1468
1296,5538
1297,8921
1298,7783
1299,6523
1300,2365
1301,5581
1302,680
1303,6422
1304,1912
1305,8134
1306,4834
1307,9625
1308,6980
1309,623
1310,2352
1311,3832
1312,7955
1313,1286
1314,7926
1315,2588
1316,3103
1317,7090
1318,1173
1319,9184
1320,1647
1321,3542
1322,2308
1323,498
1324,3309
1325,3770
1326,8943
1327,8592
1328,8788
1329,8727
1330,7743
1331,2155
1332,8167
1333,5501
1334,6938
1335,479
1336,332
1337,1502
1338,3832
1339,6936
1340,2251
1341,1017
1342,4464
1343,444
1344,3452
1345,354
1346,8426
1347,9780
1348,6015
1349,9074
1350,9869
1351,712
1352,9582
1353,4782
1354,418
1355,9496
1356,682
1357,2756
1358,7976
1359,1836
1360,2960
1361,152
1362,7201
1363,2979
1364,1281
1365,9215
1366,8004
1367,7616
1368,621
1369,3205
1370,8455
1371,411
1372,3820
1373,8194
1374,517
1375,5366
1376,4677
1377,5266
1378,3212
1379,3843
1380,1554
1381,3360
1382,8582
1383,6685
1384,53
1385,423
1386,4082
1387,5127
1388,5240
1389,8531
1390,5990
1391,9038
1392,3887
1393,8542
1394,4652
1395,1209
1396,7739
1397,9239
1398,4214
1399,3249
1400,997
1401,8637
1402,8940
1403,3691
1404,8651
1405,2562
1406,2179
1407,9757
1408,2554
1409,7963
1410,8783
1411,8380
1412,2390
1413,1162
1414,2392
1415,2315
1416,8989
1417,4602
1418,4013
1419,6655
1420,8343
1421,4553
1422,2523
1423,5290
1424,1602
1425,4170
1426,8956
1427,6650
1428,3582
1429,3872
1430,5124
1431,2990
1432,3041
1433,4368
1434,6803
1435,1649
1436,4516
1437,7843
1438,84
1439,2112
1440,5228
1441,379
1442,9625
1443,8501
1444,2157
1445,4787
1446,1385
1447,4607
1448,6309
1449,8889
1450,9868
1451,2859
1452,4469
1453,1025
1454,19
1455,7526
1456,8730
1457,5369
1458,8613
1459,2777
1460,1579
1461,8900
1462,7471
1463,2363
1464,4761
1465,1054
1466,7338
1467,5678
1468,7797
1469,2380
1470,11
1471,7753
1472,4804
1473,1857
1474,1068
1475,7127
1476,1704
1477,2992
1478,7641
1479,7917
1480,5837
1481,5172
1482,501
1483,7499
1484,2698
1485,7341
1486,5651
1487,5238
1488,8197
1489,1316
1490,2580
1491,5442
1492,7465
1493,5689
1494,5847
1495,3117
1496,7393
1497,6533
1498,6378
1499,7367
1500,7325
1501,3322
1502,5965
1503,8041
1504,7053
1505,1907
1506,6207
1507,4144
1508,681
1509,1790
1510,5034
1511,2020
1512,1370
1513,6731
1514,2912
1515,5028
1516,1262
1517,9965
1518,1613
1519,7730
1520,7005
1521,7085
1522,2545
1523,2635
1524,5245
1525,178
1526,4545
1527,440
1528,459
1529,8726
1530,3912
1531,7245
1532,3648
1533,7908
1534,4495
1535,4101
1536,8862
1537,5038
1538,2929
1539,433
1540,8513
1541,9181
1542,6900
1543,9726
1544,7807
1545,8426
1546,6358
1547,6618
1548,8060
1549,1994
1550,6799
1551,1723
1552,1883
1553,1740
1554,13
1555,2755
1556,4668
1557,8748
1558,5139
1559,5729
1560,8072
1561,3544
1562,2406
1563,3395
1564,4253
1565,1289
1566,2800
1567,4900
1568,8727
1569,6569
1570,5535
1571,40
1572,5888
1573,6341
1574,3969
1575,2980
1576,2981
1577,2968
1578,3267
1579,8514
1580,9139
1581,1003
1582,1956
1583,9591
1584,4695
1585,2570
1586,5523
1587,4365
1588,6908
1589,7629
1590,1684
1591,4464
1592,6603
1593,3888
1594,8999
1595,9687
1596,6269
1597,7321
1598,6871
1599,5951
1600,169
1601,3211
1602,8541
1603,2848
1604,6382
1605,6568
1606,5689
1607,3144
1608,3596
1609,4437
1610,6170
1611,5460
1612,961
1613,1035
1614,7403
1615,6997
1616,7637
1617,2121
1618,4618
1619,0
1620,9246
1621,7476
1622,9224
1623,7462
1624,4727
1625,6757
1626,6135
1627,4034
1628,5753
1629,65
1630,9526
1631,7757
1632,8543
1633,9167
1634,4471
1635,3241
1636,2350
1637,6852
1638,3497
1639,1130
1640,1341
1641,1805
1642,1107
1643,9773
1644,4811
1645,8601
1646,2751
1647,4796
1648,6709
1649,3822
1650,5851
1651,5176
1652,8771
1653,7162
1654,8152
1655,2463
1656,1149
1657,7853
1658,9872
1659,4432
1660,8745
1661,4161
1662,9580
1663,3490
1664,1139
1665,823
1666,5367
1667,3663
1668,1375
1669,8784
1670,5186
1671,4326
1672,6935
1673,7829
1674,2426
1675,5169
1676,8420
1677,46
1678,5979
1679,3225
1680,4896
1681,2733
1682,6970
1683,4211
1684,269
1685,9587
1686,5501
1687,5361
1688,9570
1689,8343
1690,3419
1691,1024
1692,5272
1693,7071
1694,7935
1695,1264
1696,8438
1697,6395
1698,8348
1699,3139
1700,3107
1701,4447
1702,3043
1703,896
1704,1928
1705,8457
1706,8493
1707,3262
1708,2467
1709,30
1710,399
1711,8304
1712,4216
1713,1416
1714,4020
1715,4593
1716,9410
1717,9669
1718,8721
1719,8382
1720,7217
1721,9063
1722,6647
1723,4601
1724,9357
1725,571
1726,6099
1727,4317
1728,9716
1729,1498
1730,9411
1731,8006
1732,886
1733,7437
1734,1596
1735,7946
1736,1648
1737,3847
1738,7814
1739,1589
1740,3048
1741,25
1742,8318
1743,6347
1744,2202
1745,5211
1746,2375
1747,8245
1748,1862
1749,9282
1750,3243
1751,129
1752,5306
1753,4833
1754,6897
1755,527
1756,5326
1757,4255
1758,7645
1759,9919
1760,1901
1761,7579
1762,6332
1763,4328
1764,7859
1765,9567
1766,1608
1767,6522
1768,9027
1769,9734
1770,4647
1771,5839
1772,326
1773,3380
1774,5063
1775,3084
1776,9802
1777,6162
1778,1925
1779,9968
1780,9595
1781,404
1782,790
1783,9986
1784,2224
1785,65
1786,1009
1787,1819
1788,4231
1789,140
1790,3858
1791,9185
1792,6001
1793,6665
1794,4587
1795,2421
1796,8006
1797,5998
1798,6269
1799,278
1800,894
1801,8775
1802,1967
1803,1225
1804,7569
1805,7317
1806,2017
1807,6479
1808,3439
1809,3976
1810,3455
1811,402
1812,1984
1813,3060
1814,2377
1815,6396
1816,6489
1817,1673
1818,8515
1819,8714
1820,2945
1821,3798
1822,3063
1823,5802
1824,5709
1825,2493
1826,5356
1827,5347
1828,2583
1829,2742
1830,9414
1831,1307
1832,4821
1833,834
1834,4423
1835,1425
1836,81
1837,2917
1838,6918
1839,9217
1840,6112
1841,8385
1842,3992
1843,3526
1844,1104
1845,8129
1846,9312
1847,7639
1848,3474
1849,7013
1850,2780
1851,3992
1852,5447
1853,9614
1854,3982
1855,7783
1856,77
1857,8543
1858,809
1859,9402
1860,8466
1861,3249
1862,6653
1863,578
1864,3609
1865,4114
1866,7639
1867,9444
1868,8541
1869,1324
1870,9290
1871,6610
1872,309
1873,4349
1874,3631
1875,3791
1876,5303
1877,1399
1878,2729
1879,9055
1880,3870
1881,4217
1882,184
1883,6621
1884,1977
1885,8759
1886,1898
1887,6377
1888,1099
1889,3849
1890,2915
1891,4318
1892,2516
1893,4373
1894,769
1895,8345
1896,6862
1897,3207
1898,2709
1899,8806
1900,5096
1901,4968
1902,1284
1903,1558
1904,6713
1905,8165
1906,9182
1907,6917
1908,5252
1909,3083
1910,6677
1911,3847
1912,6318
1913,4932
1914,5973
1915,9384
1916,4730
1917,6727
1918,9677
1919,5869
1920,1867
1921,7535
1922,1096
1923,6640
1924,8522
1925,2112
1926,4099
1927,3098
1928,6569
1929,4382
1930,2525
1931,5090
1932,5074
1933,7244
1934,7675
1935,2980
1936,6443
1937,7881
1938,2796
1939,7958
1940,3344
1941,1349
1942,4277
1943,8496
1944,398
1945,2245
1946,6710
1947,1661
1948,2618
1949,7550
1950,3036
1951,9005
1952,8553
1953,4367
1954,4911
1955,6426
1956,2446
1957,4342
1958,9651
1959,6618
1960,2671
1961,1293
1962,8990
1963,3463
1964,6424
1965,2510
1966,3281
1967,1923
1968,5685
1969,1565
1970,975
1971,932
1972,927
1973,227
1974,3993
1975,7091
1976,784
1977,8544
1978,454
1979,9738
1980,2517
1981,1441
1982,8657
1983,3312
1984,4554
1985,2917
1986,710
1987,5824
1988,6833
1989,8728
1990,7316
1991,5571
1992,570
1993,2132
1994,1841
1995,5142
1996,3610
1997,2871
1998,6100
1999,9787
2000,1214
2001,242
2002,425
2003,8157
2004,3825
2005,3298
2006,689
2007,2814
2008,1230
2009,3191
2010,556
2011,6500
2012,4307
2013,2371
2014,6976
2015,4869
2016,6538
2017,5446
2018,9759
2019,4930
2020,6124
2021,362
2022,6199
2023,3037
2024,1164
2025,6162
2026,6865
2027,3456
2028,3533
2029,6462
2030,683
2031,8248
2032,8747
2033,7429
2034,3362
2035,3410
2036,9295
2037,5809
2038,3882
2039,7335
2040,2572
2041,5368
2042,2554
2043,1878
2044,3944
2045,1484
2046,7387
2047,4582
2048,6486
2049,4434
2050,8368
2051,4222
2052,6232
2053,9426
2054,9729
2055,1256
2056,9386
2057,1544
2058,8386
2059,5374
2060,3458
2061,3300
2062,8233
2063,6470
2064,3959
2065,8753
2066,2918
2067,2568
2068,7824
2069,2220
2070,5074
2071,8917
2072,4241
2073,7859
2074,9556
2075,9976
2076,9478
2077,7613
2078,301
2079,338
2080,6933
2081,2127
2082,3191
2083,3036
2084,6889
2085,4488
2086,1646
2087,1768
2088,9530
2089,6976
2090,7490
2091,1592
2092,9583
2093,7795
2094,6121
2095,9921
2096,4206
2097,727
2098,4957
2099,4136
2100,2279
2101,2075
2102,8687
2103,8500
2104,3488
2105,7310
2106,4652
2107,3325
2108,1459
2109,6311
2110,3474
2111,2033
2112,9020
2113,9371
2114,3811
2115,8185
2116,7720
2117,3964
2118,4250
2119,8488
2120,6273
2121,8711
2122,8789
2123,5845
2124,2039
2125,8610
2126,2750
2127,6048
2128,8147
2129,5364
2130,5302
2131,402
2132,1464
2133,1769
2134,2750
2135,1892
2136,9883
2137,2078
2138,9303
2139,1945
2140,127
2141,1805
2142,9569
2143,6528
2144,8610
2145,4898
2146,4738
2147,9428
2148,2761
2149,9122
2150,9454
2151,4133
2152,4667
2153,3959
2154,7508
2155,3746
2156,680
2157,9623
2158,1075
2159,4446
2160,8142
2161,183
2162,1687
2163,6133
2164,6056
2165,3384
2166,4383
2167,8669
2168,624
2169,8945
2170,337
2171,7967
2172,9014
2173,4396
2174,6019
2175,6124
2176,979
2177,5536
2178,5758
2179,6194
2180,9137
2181,2033
2182,9701
2183,9677
2184,9816
2185,2577
2186,2626
2187,954
2188,3045
2189,2042
2190,6766
2191,8517
2192,1399
2193,1927
2194,3250
2195,5002
2196,1680
2197,1278
2198,4398
2199,1036
2200,3227
2201,1832
2202,3293
2203,2711
2204,4213
2205,1343
2206,3169
2207,6096
2208,7249
2209,1398
2210,7786
2211,2845
2212,5187
2213,176
2214,185
2215,109
2216,273
2217,4359
2218,1016
2219,7819
2220,7357
2221,2821
2222,1614
2223,6863
2224,5092
2225,4417
2226,4403
2227,1182
2228,162
2229,7199
2230,1500
2231,9087
2232,1636
2233,462
2234,1327
2235,8943
2236,9979
2237,9657
2238,726
2239,7207
2240,9357
2241,4309
2242,3925
2243,7382
2244,713
2245,4078
2246,7383
2247,1747
2248,2992
2249,5060
2250,2404
2251,9215
2252,9926
2253,8374
2254,7595
2255,9892
2256,7950
2257,2978
2258,3308
2259,8811
2260,5816
2261,6480
2262,2973
2263,9714
2264,1790
2265,1150
2266,1683
2267,9076
2268,4854
2269,9222
2270,2851
2271,9146
2272,6519
2273,9551
2274,8565
2275,1802
2276,764
2277,4244
2278,4078
2279,6343
2280,3597
2281,3548
2282,1774
2283,7425
2284,5864
2285,7
2286,5294
2287,9526
2288,9352
2289,5340
2290,5568
2291,6709
2292,8148
2293,8719
2294,3277
2295,1911
2296,2489
2297,8643
2298,5078
2299,534
2300,7193
2301,7461
2302,7700
2303,1203
2304,9740
2305,3239
2306,9277
2307,445
2308,1984
2309,6853
2310,2290
2311,8854
2312,6413
2313,9452
2314,1365
2315,3741
2316,1170
2317,1973
2318,6975
2319,7283
2320,8464
2321,6162
2322,7793
2323,5117
2324,769
2325,9797
2326,847
2327,3474
2328,7274
2329,7460
2330,6436
2331,5390
2332,4444
2333,1003
2334,6124
2335,9739
2336,9316
2337,9547
2338,6678
2339,1168
2340,3557
2341,3990
2342,8424
2343,6179
2344,1127
2345,5345
2346,9174
2347,516
2348,2265
2349,5327
2350,9263
2351,5865
2352,8681
2353,8187
2354,8205
2355,571
2356,1494
2357,5193
2358,1524
2359,6595
2360,5237
2361,9566
2362,7295
2363,7135
2364,6848
2365,2944
2366,2243
2367,2834
2368,7308
2369,7459
2370,7002
2371,2885
2372,2274
2373,52
2374,8798
2375,6094
2376,2750
2377,3822
2378,8363
2379,8387
2380,7028
2381,8636
2382,5148
2383,5572
2384,9949
2385,2988
2386,8386
2387,8141
2388,4765
2389,3621
2390,9800
2391,3166
2392,1797
2393,9572
2394,5504
2395,2184
2396,4490
2397,3206
2398,4281
2399,4950
2400,1029
2401,2543
2402,5749
2403,6034
2404,851
2405,4435
2406,4586
2407,5632
2408,6851
2409,781
2410,5079
2411,7465
2412,8226
2413,1194
2414,341
2415,1296
2416,8409
2417,2326
2418,8799
2419,5830
2420,1337
2421,3670
2422,1179
2423,7147
2424,3103
2425,6408
2426,9551
2427,178
2428,7755
2429,7228
2430,5306
2431,9242
2432,745
2433,609
2434,1179
2435,2172
2436,6146
2437,2308
2438,9088
2439,405
2440,5859
2441,7716
2442,3180
2443,4421
2444,9473
2445,8789
2446,8459
2447,9893
2448,8965
2449,2809
2450,8493
2451,3999
2452,4839
2453,6146
2454,6767
2455,5892
2456,4078
2457,7345
2458,7651
2459,927
2460,6029
2461,5152
2462,1852
2463,5346
2464,3328
2465,3523
2466,4071
2467,2457
2468,5423
2469,6219
2470,4030
2471,1558
2472,8382
2473,2867
2474,227
2475,6020
2476,2567
2477,1785
2478,3711
2479,1083
2480,3383
2481,3283
2482,7986
2483,193
2484,2561
2485,5814
2486,9680
2487,1077
2488,849
2489,3123
2490,1378
2491,1901
2492,6007
2493,3791
2494,9181
2495,7537
2496,8174
2497,9044
2498,1976
2499,5988
2500,7676
2501,4414
2502,4881
2503,6436
2504,9799
2505,9613
2506,2934
2507,9683
2508,5471
2509,5783
2510,3954
2511,3149
2512,1772
2513,3616
2514,3946
2515,5982
2516,1933
2517,2054
2518,1112
2519,6709
2520,4020
2521,7456
2522,2669
2523,8995
2524,8099
2525,627
2526,5302
2527,7517
2528,4454
2529,9332
2530,9272
2531,4183
2532,7063
2533,6410
2534,2633
2535,888
2536,8514
2537,6620
2538,6903
2539,4145
2540,6559
2541,1428
2542,9812
2543,1633
2544,5200
2545,4915
2546,8743
2547,5800
2548,5922
2549,3328
2550,612
2551,7004
2552,3830
2553,135
2554,6211
2555,1436
2556,2945
2557,2279
2558,8084
2559,4560
2560,1975
2561,8360
2562,3656
2563,8569
2564,8378
2565,9192
2566,9037
2567,2840
2568,863
2569,9137
2570,9311
2571,2720
2572,3771
2573,4270
2574,7582
2575,3441
2576,8924
2577,3906
2578,4033
2579,28
2580,5665
2581,9787
2582,8722
2583,5074
2584,4492
2585,5066
2586,2995
2587,2029
2588,6825
2589,9724
2590,9615
2591,8847
2592,4474
2593,1134
2594,2487
2595,7003
2596,4692
2597,4654
2598,9544
2599,8243
2600,5663
2601,9041
2602,1623
2603,3165
2604,5449
2605,8015
2606,1709
2607,7395
2608,410
2609,4695
2610,3416
2611,8230
2612,3650
2613,7198
2614,6864
2615,2041
2616,7239
2617,4844
2618,8372
2619,4422
2620,4828
2621,7567
2622,9668
2623,306
2624,7782
2625,6896
2626,1874
2627,1278
2628,6375
2629,8151
2630,9355
2631,212
2632,2889
2633,1044
2634,8643
2635,2045
2636,3295
2637,6568
2638,2114
2639,6654
2640,3447
2641,3344
2642,1124
2643,4467
2644,5936
2645,9045
2646,1808
2647,5252
2648,7082
2649,682
2650,5411
2651,2110
2652,3783
2653,9197
2654,1986
2655,186
2656,8821
2657,3266
2658,6029
2659,2536
2660,5143
2661,4755
2662,885
2663,6707
2664,1732
2665,9816
2666,9081
2667,8127
2668,295
2669,6493
2670,8198
2671,7431
2672,8898
2673,5843
2674,3102
2675,5038
2676,5200
2677,3390
2678,4059
2679,5735
2680,9973
2681,5908
2682,1386
2683,169
2684,2801
2685,7104
2686,1658
2687,8196
2688,5116
2689,692
2690,6985
2691,8759
2692,3708
2693,2037
2694,5729
2695,3754
2696,1865
2697,1769
2698,1937
2699,8154
2700,6435
2701,9328
2702,5645
2703,9716
2704,3711
2705,3939
2706,1309
2707,1875
2708,8489
2709,2323
2710,8815
2711,2484
2712,8584
2713,4088
2714,3905
2715,9148
2716,7179
2717,4232
2718,2596
2719,1741
2720,5828
2721,4720
2722,2991
2723,7547
2724,8440
2725,1322
2726,1066
2727,430
2728,4682
2729,943
2730,5341
2731,5007
2732,8594
2733,6541
2734,7312
2735,899
2736,7316
2737,3966
2738,6236
2739,1377
2740,5141
2741,4753
2742,2448
2743,5123
2744,4230
2745,2842
2746,6403
2747,2905
2748,532
2749,7547
2750,1586
2751,3317
2752,271
2753,338
2754,4391
2755,5151
2756,8137
2757,1235
2758,5028
2759,2649
2760,9518
2761,4991
2762,4734
2763,2115
2764,9713
2765,8805
2766,5900
2767,6161
2768,6799
2769,8836
2770,9271
2771,7289
2772,2949
2773,7481
2774,428
2775,6795
2776,3854
2777,2700
2778,1354
2779,734
2780,1289
2781,2641
2782,8417
2783,324
2784,3724
2785,4953
2786,8345
2787,9807
2788,2768
2789,8507
2790,4135
2791,3102
2792,689
2793,2935
2794,9257
2795,6338
2796,665
2797,5723
2798,4287
2799,8604
2800,3892
2801,7232
2802,7648
2803,3807
2804,8428
2805,7038
2806,7889
2807,5364
2808,6557
2809,6647
2810,6940
2811,8609
2812,6785
2813,4142
2814,9042
2815,2330
2816,6535
2817,2656
2818,3333
2819,6504
2820,9946
2821,6186
2822,7348
2823,4862
2824,5189
2825,8078
2826,2056
2827,4319
2828,7837
2829,9811
2830,7800
2831,5494
2832,5321
2833,3654
2834,6042
2835,8397
2836,9779
2837,5323
2838,1755
2839,98
2840,6654
2841,6545
2842,4479
2843,399
2844,7339
2845,8606
2846,3198
2847,7790
2848,7201
2849,689
2850,8403
2851,5407
2852,2786
2853,887
2854,9237
2855,4882
2856,6261
2857,224
2858,6943
2859,4506
2860,9408
2861,4447
2862,5704
2863,7977
2864,718
2865,283
2866,9647
2867,8715
2868,4016
2869,4218
2870,1169
2871,2487
2872,5977
2873,9562
2874,9335
2875,421
2876,1061
2877,3261
2878,6158
2879,6268
2880,6995
2881,4176
2882,968
2883,1418
2884,7788
2885,5045
2886,661
2887,9689
2888,2254
2889,4201
2890,3797
2891,3216
2892,6870
2893,6950
2894,7252
2895,491
2896,5627
2897,5504
2898,8168
2899,2652
2900,1330
2901,9857
2902,6048
2903,8221
2904,8086
2905,3939
2906,5315
2907,9688
2908,7952
2909,6889
2910,6751
2911,4994
2912,3493
2913,8326
2914,6044
2915,8058
2916,6145
2917,659
2918,6520
2919,2209
2920,5424
2921,7180
2922,588
2923,8034
2924,9543
2925,2241
2926,8846
2927,1426
2928,9414
2929,4197
2930,6249
2931,4048
2932,1726
2933,4859
2934,2208
2935,865
2936,7801
2937,2868
2938,482
2939,1249
2940,4975
2941,9610
2942,8258
2943,1716
2944,7313
2945,7518
2946,4641
2947,4394
2948,5999
2949,7071
2950,8204
2951,3795
2952,9050
2953,5054
2954,8585
2955,7551
2956,7714
2957,4907
2958,6600
2959,5504
2960,1888
2961,8716
2962,448
2963,8741
2964,5286
2965,8497
2966,5913
2967,7563
2968,9098
2969,6500
2970,7260
2971,4749
2972,9672
2973,6371
2974,973
2975,8070
2976,7553
2977,574
2978,3966
2979,9853
2980,2399
2981,5150
2982,9922
2983,6954
2984,578
2985,7856
2986,614
2987,9249
2988,3349
2989,691
2990,6999
2991,3429
2992,9094
2993,5475
2994,7378
2995,486
2996,7192
2997,5805
2998,2982
2999,6740
3000,201
3001,5246
3002,7407
3003,4398
3004,164
3005,6365
3006,7764
3007,7335
3008,1420
3009,9065
3010,1589
3011,2980
3012,730
3013,1833
3014,3836
3015,4725
3016,1475
3017,8986
3018,6689
3019,2049
3020,1907
3021,302
3022,8885
3023,4270
3024,3567
3025,684
3026,7086
3027,3065
3028,8996
3029,2748
3030,8140
3031,7837
3032,1299
3033,5321
3034,4241
3035,1376
3036,4185
3037,3132
3038,9072
3039,6034
3040,5831
3041,8278
3042,662
3043,3411
3044,3432
3045,4326
3046,2939
3047,8341
3048,1992
3049,381
3050,2549
3051,6870
3052,1873
3053,8094
3054,2767
3055,1688
3056,907
3057,8938
3058,4106
3059,6181
3060,2613
3061,1490
3062,878
3063,1745
3064,3643
3065,6776
3066,5435
3067,6714
3068,3609
3069,1171
3070,6502
3071,2707
3072,8788
3073,8786
3074,8538
3075,6739
3076,8749
3077,9532
3078,9638
3079,1018
3080,3999
3081,570
3082,4170
3083,3445
3084,9948
3085,8288
3086,1366
3087,4667
3088,8467
3089,2016
3090,5056
3091,2549
3092,8879
3093,9369
3094,6909
3095,861
3096,6117
3097,5743
3098,1084
3099,6560
3100,578
3101,1998
3102,9860
3103,8423
3104,4825
3105,2926
3106,1350
3107,2428
3108,223
3109,5350
3110,201
3111,7067
3112,3705
3113,1196
3114,9945
3115,7304
3116,8282
3117,822
3118,8377
3119,9751
3120,5524
3121,8313
3122,9764
3123,2424
3124,6315
3125,9354
3126,9512
3127,7263
3128,7591
3129,9775
3130,5842
3131,2840
3132,3742
3133,5772
3134,6385
3135,7007
3136,9535
3137,3861
3138,8419
3139,6412
3140,3453
3141,3893
3142,4606
3143,6175
3144,1312
3145,4915
3146,2276
3147,5684
3148,4634
3149,5674
3150,750
3151,4597
3152,2799
3153,641
3154,4338
3155,4315
3156,467
3157,6335
3158,2095
3159,9592
3160,9896
3161,185
3162,9734
3163,2603
3164,7697
3165,4604
3166,8422
3167,1873
3168,1773
3169,7116
3170,7698
3171,1093
3172,6753
3173,2934
3174,5477
3175,8485
3176,197
3177,4086
3178,5701
3179,6781
3180,4037
3181,3574
3182,6852
3183,7566
3184,5473
3185,956
3186,6668
3187,1149
3188,9416
3189,2606
3190,5628
3191,5984
3192,4324
3193,4103
3194,9487
3195,8481
3196,4032
3197,6926
3198,9842
3199,7688
3200,1447
3201,9508
3202,6325
3203,9196
3204,4348
3205,981
3206,3530
3207,6092
3208,184
3209,7111
3210,6337
3211,7032
3212,6958
3213,6362
3214,5355
3215,9627
3216,6528
3217,5378
3218,267
3219,1087
3220,4475
3221,4481
3222,9016
3223,9684
3224,9697
3225,4263
3226,3672
3227,7387
3228,8981
3229,992
3230,7506
3231,4490
3232,4540
3233,4808
3234,6507
3235,6775
3236,9321
3237,251
3238,7401
3239,1244
3240,8339
3241,7612
3242,6838
3243,2881
3244,8125
3245,7030
3246,1725
3247,7887
3248,3355
3249,6200
3250,6857
3251,4514
3252,950
3253,4795
3254,4169
3255,4193
3256,227
3257,1616
3258,825
3259,8985
3260,561
3261,3072
3262,1393
3263,5578
3264,255
3265,83
3266,9687
3267,4275
3268,3948
3269,6314
3270,1006
3271,6767
3272,3822
3273,346
3274,7744
3275,9474
3276,3796
3277,2898
3278,7408
3279,5805
3280,6506
3281,3668
3282,9631
3283,4890
3284,8392
3285,9710
3286,5500
3287,8746
3288,3574
3289,5522
3290,9839
3291,7749
3292,7486
3293,9333
3294,875
3295,600
3296,3622
3297,301
3298,3451
3299,2538
3300,8584
3301,1368
3302,4966
3303,1981
3304,5201
3305,206
3306,6290
3307,6669
3308,4656
3309,9118
3310,3059
3311,5323
3312,7100
3313,5786
3314,599
3315,7510
3316,7836
3317,1448
3318,2988
3319,9027
3320,9061
3321,5212
3322,9627
3323,7237
3324,7907
3325,1395
3326,9859
3327,2305
3328,7058
3329,7185
3330,4586
3331,4481
3332,9183
3333,9427
3334,1314
3335,2424
3336,9593
3337,7669
3338,996
3339,8948
3340,2853
3341,7865
3342,9492
3343,6881
3344,7271
3345,9628
3346,8155
3347,9663
3348,252
3349,5866
3350,1049
3351,6188
3352,5791
3353,1764
3354,8856
3355,1589
3356,2868
3357,7825
3358,2473
3359,1019
3360,3653
3361,92
3362,4144
3363,4850
3364,6001
3365,5258
3366,5547
3367,1214
3368,3705
3369,3240
3370,8850
3371,6633
3372,8825
3373,8155
3374,3433
3375,826
3376,503
3377,9232
3378,722
3379,4434
3380,2225
3381,2852
3382,6186
3383,1822
3384,3807
3385,2976
3386,1487
3387,7513
3388,2856
3389,9551
3390,8792
3391,5417
3392,20
3393,5128
3394,6139
3395,5475
3396,1488
3397,5007
3398,338
3399,161
3400,7624
3401,5833
3402,6549
3403,2340
3404,724
3405,6238
3406,2947
3407,746
3408,5723
3409,8183
3410,5297
3411,7295
3412,1653
3413,6572
3414,4214
3415,3690
3416,4205
3417,4455
3418,884
3419,1304
3420,344
3421,1669
3422,698
3423,6950
3424,4704
3425,8913
3426,3386
3427,1796
3428,5963
3429,4755
3430,2930
3431,3744
3432,8417
3433,6804
3434,8475
3435,8970
3436,2703
3437,9954
3438,7729
3439,6885
3440,8659
3441,8032
3442,2853
3443,8967
3444,4880
3445,2564
3446,891
3447,9130
3448,1429
3449,1419
3450,2306
3451,5960
3452,476
3453,3245
3454,3161
3455,1858
3456,3664
3457,5137
3458,4895
3459,9512
3460,1416
3461,9976
3462,3122
3463,131
3464,343
3465,4939
3466,3734
3467,74
3468,4918
3469,3727
3470,7738
3471,5406
3472,6623
3473,5897
3474,2819
3475,4936
3476,2184
3477,8918
3478,7688
3479,1753
3480,7093
3481,286
3482,8101
3483,3012
3484,2273
3485,5037
3486,2942
3487,5658
3488,3891
3489,4018
3490,4322
3491,1667
3492,9686
3493,6110
3494,8542
3495,4845
3496,4069
3497,8323
3498,8985
3499,6458
3500,2765
3501,8644
3502,1690
3503,2719
3504,5797
3505,3354
3506,7760
3507,8379
3508,5800
3509,356
3510,8608
3511,986
3512,396
3513,2080
3514,4805
3515,1185
3516,4308
3517,1477
3518,9255
3519,8921
3520,5813
3521,4150
3522,830
3523,5464
3524,6732
3525,4715
3526,9467
3527,7711
3528,8819
3529,1154
3530,4111
3531,6126
3532,1365
3533,3134
3534,9486
3535,2602
3536,8704
3537,3500
3538,4356
3539,9692
3540,5225
3541,7373
3542,8549
3543,4659
3544,947
3545,1177
3546,634
3547,846
3548,3231
3549,6130
3550,7250
3551,6402
3552,2820
3553,1807
3554,9651
3555,7376
3556,296
3557,9113
3558,411
3559,1901
3560,7837
3561,4498
3562,9905
3563,4999
3564,3180
3565,4805
3566,6456
3567,2333
3568,5675
3569,6195
3570,363
3571,4230
3572,8424
3573,8665
3574,5462
3575,9567
3576,4517
3577,7967
3578,9642
3579,1987
3580,7785
3581,1038
3582,2020
3583,6585
3584,4141
3585,7599
3586,7914
3587,8093
3588,6109
3589,9263
3590,3736
3591,4524
3592,1150
3593,5697
3594,1217
3595,6812
3596,2807
3597,7677
3598,2776
3599,9483
3600,4507
3601,9923
3602,6011
3603,644
3604,5841
3605,7750
3606,4673
3607,3132
3608,396
3609,1566
3610,3530
3611,101
3612,828
3613,2959
3614,8949
3615,4512
3616,528
3617,2380
3618,9346
3619,3117
3620,6099
3621,8053
3622,793
3623,277
3624,5935
3625,5631
3626,212
3627,1170
3628,9271
3629,3142
3630,1406
3631,8458
3632,1706
3633,824
3634,8674
3635,4399
3636,1250
3637,4861
3638,2964
3639,3457
3640,3343
3641,3938
3642,3018
3643,8406
3644,4421
3645,1587
3646,3688
3647,9490
3648,626
3649,7849
3650,924
3651,9935
3652,714
3653,262
3654,4824
3655,5259
3656,1225
3657,3159
3658,4482
3659,7333
3660,7198
3661,5879
3662,855
3663,2738
3664,6368
3665,2346
3666,8564
3667,5103
3668,5301
3669,8689
3670,5463
3671,4684
3672,635
3673,5553
3674,5882
3675,4115
3676,257
3677,9913
3678,9212
3679,8637
3680,3032
3681,3122
3682,1010
3683,7812
3684,2567
3685,8359
3686,750
3687,6077
3688,6084
3689,9647
3690,5108
3691,6568
3692,149
3693,129
3694,309
3695,754
3696,613
3697,111
3698,8902
3699,3186
3700,6988
3701,4538
3702,1596
3703,962
3704,6186
3705,4722
3706,2188
3707,1349
3708,3255
3709,7066
3710,1211
3711,6451
3712,1077
3713,7372
3714,57
3715,8631
3716,2749
3717,6917
3718,1207
3719,3215
3720,3852
3721,2876
3722,3466
3723,9574
3724,2097
3725,1799
3726,3112
3727,8809
3728,1744
3729,7540
3730,7623
3731,3489
3732,8344
3733,5876
3734,7877
3735,7950
3736,9468
3737,1955
3738,8547
3739,120
3740,7465
3741,5311
3742,1284
3743,2306
3744,9171
3745,5025
3746,1682
3747,2575
3748,2833
3749,8237
3750,6328
3751,7051
3752,9656
3753,4131
3754,9837
3755,6380
3756,13
3757,3172
3758,1603
3759,9620
3760,5686
3761,5046
3762,6629
3763,1245
3764,2954
3765,5303
3766,5321
3767,6439
3768,6645
3769,7447
3770,4390
3771,8072
3772,9069
3773,2039
3774,3731
3775,7177
3776,1474
3777,9009
3778,785
3779,2160
3780,7860
3781,3562
3782,4423
3783,8879
3784,3421
3785,2657
3786,9799
3787,2338
3788,4427
3789,6957
3790,6221
3791,3803
3792,5326
3793,483
3794,1223
3795,9408
3796,6069
3797,1967
3798,3427
3799,5735
3800,8246
3801,7512
3802,5058
3803,740
3804,2299
3805,1309
3806,3234
3807,7294
3808,1201
3809,4984
3810,7605
3811,7354
3812,5085
3813,7357
3814,4185
3815,5664
3816,318
3817,8476
3818,1056
3819,2034
3820,9988
3821,1465
3822,4845
3823,1618
3824,9299
3825,9813
3826,2423
3827,3817
3828,8998
3829,8861
3830,9036
3831,8618
3832,8846
3833,5398
3834,9851
3835,2129
3836,7902
3837,6736
3838,6256
3839,4178
3840,7822
3841,9565
3842,6093
3843,1969
3844,1684
3845,6882
3846,5960
3847,4260
3848,9257
3849,6398
3850,4173
3851,7897
3852,4678
3853,1758
3854,4181
3855,3730
3856,9026
3857,8020
3858,3903
3859,7578
3860,8197
3861,4334
3862,1135
3863,9818
3864,6875
3865,1920
3866,9895
3867,4013
3868,8556
3869,6375
3870,8888
3871,260
3872,9497
3873,138
3874,3380
3875,5506
3876,9397
3877,5307
3878,4879
3879,9475
3880,8223
3881,4080
3882,6401
3883,2367
3884,7619
3885,3213
3886,4306
3887,136
3888,7675
3889,1923
3890,7599
3891,7322
3892,6428
3893,3286
3894,2435
3895,3775
3896,9871
3897,7831
3898,6847
3899,63
3900,68
3901,6820
3902,5054
3903,6859
3904,6511
3905,2861
3906,1568
3907,293
3908,9646
3909,6365
3910,8062
3911,9246
3912,6207
3913,709
3914,211
3915,9025
3916,6835
3917,8420
3918,1696
3919,3392
3920,2014
3921,3938
3922,890
3923,3010
3924,2584
3925,8459
3926,5679
3927,1357
3928,6719
3929,8088
3930,8641
3931,5494
3932,1048
3933,1253
3934,2947
3935,4131
3936,7023
3937,336
3938,4276
3939,4931
3940,3398
3941,4061
3942,5771
3943,4612
3944,1388
3945,1093
3946,1339
3947,8979
3948,5005
3949,3818
3950,2215
3951,3061
3952,7678
3953,9222
3954,8926
3955,5956
3956,2122
3957,5621
3958,4516
3959,1442
3960,1407
3961,7806
3962,3060
3963,2052
3964,577
3965,350
3966,2729
3967,6311
3968,6906
3969,4777
3970,8293
3971,3732
3972,6989
3973,1456
3974,2373
3975,6734
3976,6805
3977,2137
3978,4927
3979,5926
3980,7138
3981,9733
3982,9710
3983,8536
3984,8003
3985,7105
3986,151
3987,2978
3988,7675
3989,1362
3990,9394
3991,8950
3992,8366
3993,5648
3994,3592
3995,1870
3996,5101
3997,7919
3998,8503
3999,6357
4000,8953
4001,3708
4002,4697
4003,8085
4004,3477
4005,5155
4006,528
4007,1831
4008,9133
4009,4414
4010,5788
4011,5262
4012,2010
4013,9099
4014,1205
4015,4371
4016,8659
4017,9240
4018,5794
4019,7793
4020,1329
4021,4440
4022,563
4023,3805
4024,4113
4025,4836
4026,7429
4027,4097
4028,8239
4029,8999
4030,5204
4031,4658
4032,3695
4033,5133
4034,8949
4035,9507
4036,1007
4037,8697
4038,2183
4039,7676
4040,7394
4041,7583
4042,3269
4043,372
4044,2166
4045,126
4046,4421
4047,3659
4048,3953
4049,8092
4050,7003
4051,5067
4052,3579
4053,648
4054,4341
4055,8106
4056,9203
4057,6230
4058,2069
4059,1675
4060,2635
4061,7954
4062,2277
4063,7941
4064,5295
4065,2043
4066,2699
4067,9947
4068,6514
4069,4138
4070,2546
4071,2282
4072,5608
4073,9333
4074,7533
4075,3907
4076,6664
4077,6033
4078,2790
4079,2692
4080,1646
4081,6054
4082,7745
4083,2493
4084,1466
4085,9974
4086,9988
4087,3633
4088,3354
4089,3666
4090,2639
4091,7842
4092,5080
4093,4618
4094,6508
4095,8711
4096,4872
4097,8971
4098,1037
4099,5624
4100,9452
4101,5923
4102,4413
4103,1754
4104,7744
4105,844
4106,5216
4107,7011
4108,5705
4109,4791
4110,2816
4111,9569
4112,6213
4113,9294
4114,3755
4115,5341
4116,9069
4117,1155
4118,5379
4119,3024
4120,625
4121,3149
4122,5081
4123,1563
4124,1175
4125,2185
4126,730
4127,808
4128,6616
4129,7822
4130,7668
4131,2237
4132,2594
4133,9176
4134,7874
4135,7969
4136,2263
4137,6594
4138,2597
4139,9189
4140,3067
4141,9947
4142,7432
4143,4793
4144,9418
4145,9860
4146,4007
4147,1929
4148,3532
4149,8354
4150,7816
4151,3354
4152,1317
4153,9299
4154,6394
4155,1405
4156,4724
4157,5121
4158,6371
4159,8699
4160,1564
4161,8905
4162,2029
4163,9415
4164,2889
4165,1785
4166,7054
4167,7302
4168,9693
4169,4633
4170,9806
4171,4886
4172,7361
4173,8639
4174,6535
4175,904
4176,2750
4177,2585
4178,9778
4179,6753
4180,6721
4181,6635
4182,8433
4183,930
4184,2754
4185,9527
4186,9688
4187,8186
4188,8480
4189,881
4190,4457
4191,8427
4192,3760
4193,284
4194,1452
4195,8873
4196,219
4197,6690
4198,6704
4199,6347
4200,694
4201,9462
4202,3442
4203,5676
4204,6508
4205,1973
4206,5021
4207,2623
4208,6527
4209,707
4210,6768
4211,1598
4212,4783
4213,4037
4214,4850
4215,2049
4216,6451
4217,7922
4218,4654
4219,2139
4220,161
4221,9858
4222,3699
4223,2299
4224,2000
4225,3408
4226,9093
4227,6180
4228,6178
4229,4136
4230,2483
4231,6382
4232,3676
4233,6828
4234,97
4235,592
4236,7042
4237,9614
4238,4566
4239,2224
4240,9110
4241,1899
4242,2049
4243,7660
4244,155
4245,1326
4246,3162
4247,5685
4248,1662
4249,5732
4250,5803
4251,2623
4252,9499
4253,933
4254,2645
4255,6076
4256,7296
4257,1154
4258,9507
4259,9343
4260,3537
4261,1666
4262,2763
4263,9842
4264,7705
4265,6906
4266,6469
4267,8145
4268,3766
4269,3058
4270,4257
4271,3604
4272,5843
4273,2037
4274,5443
4275,5959
4276,1750
4277,9816
4278,1952
4279,4239
4280,8502
4281,3705
4282,2036
4283,4617
4284,209
4285,2349
4286,6231
4287,4610
4288,5728
4289,2253
4290,9380
4291,2081
4292,5870
4293,1086
4294,8263
4295,3063
4296,1530
4297,7971
4298,8430
4299,56
4300,8691
4301,0
4302,3244
4303,1623
4304,1674
4305,3850
4306,8588
4307,7529
4308,85
4309,5782
4310,3292
4311,1703
4312,8502
4313,7462
4314,4280
4315,8904
4316,1559
4317,6825
4318,5918
4319,6437
4320,4182
4321,136
4322,1994
4323,5984
4324,3227
4325,3055
4326,109
4327,7139
4328,2392
4329,1801
4330,4386
4331,7714
4332,7566
4333,1859
4334,4644
4335,6078
4336,7333
4337,2575
4338,3260
4339,312
4340,9592
4341,9150
4342,9509
4343,5281
4344,2304
4345,5691
4346,5061
4347,1569
4348,9761
4349,611
4350,1614
4351,4792
4352,9405
4353,3358
4354,3838
4355,4028
4356,7122
4357,6132
4358,4856
4359,3677
4360,7537
4361,2158
4362,5385
4363,2285
4364,1411
4365,6679
4366,622
4367,3325
4368,8833
4369,9193
4370,4168
4371,52
4372,9526
4373,3442
4374,8280
4375,7105
4376,951
4377,2548
4378,1795
4379,7156
4380,3547
4381,9846
4382,2200
4383,3531
4384,9579
4385,2353
4386,4552
4387,7728
4388,9733
4389,6313
4390,2306
4391,3049
4392,6187
4393,2425
4394,8493
4395,9990
4396,3680
4397,5456
4398,3762
4399,6341
4400,5679
4401,4867
4402,7142
4403,1452
4404,7443
4405,670
4406,184
4407,2364
4408,5414
4409,7569
4410,743
4411,8717
4412,3236
4413,5234
4414,9531
4415,2303
4416,824
4417,9152
4418,578
4419,9568
4420,4036
4421,956
4422,5817
4423,1389
4424,8089
4425,8257
4426,5810
4427,4299
4428,727
4429,138
4430,2994
4431,707
4432,9923
4433,6363
4434,1880
4435,9102
4436,8947
4437,6275
4438,6499
4439,6807
4440,7497
4441,8188
4442,7590
4443,4821
4444,2934
4445,6760
4446,5972
4447,3699
4448,1342
4449,9620
4450,3137
4451,7672
4452,6276
4453,284
4454,8298
4455,5069
4456,339
4457,9933
4458,3897
4459,3558
4460,5162
4461,1445
4462,35
4463,4975
4464,6235
4465,3234
4466,186
4467,9703
4468,2120
4469,2548
4470,2375
4471,8928
4472,5245
4473,9087
4474,4110
4475,1483
4476,9937
4477,8266
4478,6229
4479,9216
4480,5207
4481,1432
4482,8083
4483,7621
4484,4349
4485,9673
4486,4263
4487,2407
4488,7726
4489,7775
4490,6255
4491,527
4492,1341
4493,8155
4494,1044
4495,8746
4496,7075
4497,1092
4498,5334
4499,2610
4500,1461
4501,7311
4502,9440
4503,5377
4504,4406
4505,5984
4506,1348
4507,5620
4508,467
4509,7422
4510,3497
4511,7160
4512,7688
4513,1139
4514,749
4515,5819
4516,2126
4517,6636
4518,9128
4519,6065
4520,2872
4521,3029
4522,4927
4523,8480
4524,1820
4525,6955
4526,4974
4527,735
4528,959
4529,2087
4530,4281
4531,5233
4532,7640
4533,2254
4534,2406
4535,9725
4536,2604
4537,5385
4538,1728
4539,5316
4540,7572
4541,6574
4542,8270
4543,7036
4544,7965
4545,9662
4546,6600
4547,548
4548,713
4549,1369
4550,7948
4551,388
4552,8816
4553,6654
4554,7853
4555,6904
4556,7030
4557,5681
4558,5797
4559,8241
4560,9561
4561,4379
4562,4778
4563,8395
4564,305
4565,7768
4566,5547
4567,3143
4568,7429
4569,8644
4570,2306
4571,4600
4572,4698
4573,4176
4574,1222
4575,1471
4576,8543
4577,3167
4578,19
4579,3682
4580,5363
4581,6693
4582,9133
4583,6071
4584,2849
4585,8172
4586,8766
4587,1791
4588,9011
4589,5757
4590,8296
4591,4599
4592,7911
4593,1729
4594,2593
4595,5541
4596,3157
4597,212
4598,9222
4599,688
4600,388
4601,8079
4602,7805
4603,3034
4604,4217
4605,7005
4606,800
4607,9536
4608,2124
4609,5581
4610,1488
4611,8713
4612,6164
4613,542
4614,3455
4615,12
4616,607
4617,8793
4618,6955
4619,8423
4620,5284
4621,2674
4622,7113
4623,4280
4624,6377
4625,8170
4626,7089
4627,9411
4628,4547
4629,194
4630,1616
4631,7781
4632,6399
4633,8402
4634,2956
4635,7099
4636,9545
4637,364
4638,9552
4639,3115
4640,7425
4641,4924
4642,2013
4643,9096
4644,6865
4645,975
4646,7723
4647,9203
4648,6232
4649,2088
4650,6329
4651,7808
4652,8906
4653,7491
4654,6659
4655,2445
4656,8904
4657,1455
4658,6309
4659,8901
4660,4465
4661,6485
4662,9036
4663,6626
4664,5734
4665,556
4666,2113
4667,7106
4668,4275
4669,4112
4670,616
4671,468
4672,977
4673,9237
4674,6373
4675,683
4676,238
4677,3641
4678,9756
4679,1313
4680,9475
4681,8364
4682,8208
4683,6690
4684,2375
4685,8906
4686,6620
4687,2456
4688,7108
4689,723
4690,6365
4691,9201
4692,3018
4693,3603
4694,2221
4695,5802
4696,1243
4697,8062
4698,8098
4699,1632
4700,8946
4701,8825
4702,3383
4703,3566
4704,8038
4705,3466
4706,1843
4707,9521
4708,6852
4709,8520
4710,5755
4711,7303
4712,3628
4713,2878
4714,7215
4715,6190
4716,6095
4717,6492
4718,108
4719,3490
4720,1843
4721,9335
4722,3557
4723,1533
4724,7392
4725,1717
4726,5283
4727,4250
4728,9967
4729,5491
4730,5961
4731,4237
4732,14
4733,9798
4734,6355
4735,7410
4736,3099
4737,4311
4738,7671
4739,5292
4740,2586
4741,1809
4742,1709
4743,7199
4744,5330
4745,1720
4746,6199
4747,8067
4748,1338
4749,3137
4750,5021
4751,5673
4752,45
4753,1152
4754,4572
4755,5517
4756,1805
4757,2070
4758,1153
4759,1299
4760,4446
4761,5256
4762,22
4763,9572
4764,3454
4765,2759
4766,7354
4767,985
4768,6850
4769,7259
4770,1747
4771,7481
4772,3411
4773,6521
4774,9595
4775,5484
4776,1611
4777,7233
4778,2656
4779,9657
4780,2396
4781,7654
4782,9734
4783,1677
4784,7787
4785,6561
4786,6443
4787,1780
4788,6674
4789,4277
4790,2813
4791,8033
4792,429
4793,3708
4794,5861
4795,3459
4796,2301
4797,4135
4798,2860
4799,3024
4800,5067
4801,3598
4802,333
4803,3764
4804,6538
4805,67
4806,8687
4807,2326
4808,5509
4809,3385
4810,8832
4811,8071
4812,5554
4813,1872
4814,1082
4815,6012
4816,5246
4817,3325
4818,5941
4819,7005
4820,4750
4821,6714
4822,9580
4823,7428
4824,3724
4825,1663
4826,4015
4827,5747
4828,8513
4829,4547
4830,5357
4831,3792
4832,4506
4833,4621
4834,8671
4835,2723
4836,2674
4837,3809
4838,418
4839,7944
4840,2950
4841,4112
4842,4217
4843,5944
4844,6378
4845,8641
4846,5709
4847,9255
4848,5987
4849,6378
4850,7370
4851,5388
4852,3722
4853,263
4854,6350
4855,9707
4856,1484
4857,5649
4858,1712
4859,4600
4860,4814
4861,5565
4862,9395
4863,4187
4864,6179
4865,8664
4866,9404
4867,5483
4868,7507
4869,5689
4870,192
4871,3890
4872,8128
4873,2218
4874,6560
4875,9940
4876,8487
4877,7998
4878,3911
4879,6698
4880,5634
4881,2005
4882,1551
4883,1001
4884,5136
4885,6240
4886,7216
4887,3926
4888,2974
4889,222
4890,3378
4891,6799
4892,7918
4893,4414
4894,2840
4895,1550
4896,2251
4897,3225
4898,7937
4899,6049
4900,5582
4901,2708
4902,6359
4903,5377
4904,1559
4905,7438
4906,8042
4907,5266
4908,9054
4909,7277
4910,3240
4911,6313
4912,6664
4913,4209
4914,8149
4915,3697
4916,8540
4917,8324
4918,6648
4919,4335
4920,8942
4921,3204
4922,8553
4923,9321
4924,5443
4925,2014
4926,7169
4927,4250
4928,7341
4929,8270
4930,1232
4931,4187
4932,2297
4933,2066
4934,9345
4935,7952
4936,9104
4937,8533
4938,4806
4939,395
4940,3723
4941,1088
4942,9032
4943,5816
4944,7788
4945,993
4946,7952
4947,2461
4948,3725
4949,3342
4950,6013
4951,2248
4952,4609
4953,7826
4954,103
4955,8334
4956,3522
4957,1750
4958,6988
4959,5404
4960,5369
4961,4315
4962,4552
4963,199
4964,6420
4965,5218
4966,139
4967,5129
4968,3120
4969,867
4970,8811
4971,1433
4972,9180
4973,3742
4974,6860
4975,3609
4976,5794
4977,8722
4978,8794
4979,261
4980,6660
4981,3172
4982,8744
4983,9630
4984,7825
4985,4795
4986,6671
4987,123
4988,1473
4989,1822
4990,6132
4991,4794
4992,4357
4993,8990
4994,8055
4995,6153
4996,7244
4997,665
4998,5640
4999,5818
5000,8220
5001,6911
5002,399
5003,691
5004,7963
5005,9626
5006,8067
5007,7807
5008,673
5009,6609
5010,1044
5011,7175
5012,6487
5013,6134
5014,7847
5015,2134
5016,3044
5017,7207
5018,3767
5019,6403
5020,2123
5021,2345
5022,6540
5023,610
5024,237
5025,8837
5026,9921
5027,7469
5028,3302
5029,7447
5030,6865
5031,6931
5032,6356
5033,647
5034,8101
5035,1030
5036,7968
5037,437
5038,9723
5039,9757
5040,6141
5041,4774
5042,8094
5043,6593
5044,4473
5045,3249
5046,1407
5047,7609
5048,5538
5049,7886
5050,7455
5051,9076
5052,4295
5053,3137
5054,6418
5055,6810
5056,829
5057,918
5058,4842
5059,6605
5060,4938
5061,8949
5062,7890
5063,6223
5064,8157
5065,3317
5066,188
5067,6302
5068,3263
5069,6877
5070,9235
5071,6817
5072,257
5073,8791
5074,9703
5075,5176
5076,1751
5077,3595
5078,155
5079,251
5080,6885
5081,6983
5082,7240
5083,5792
5084,7019
5085,4460
5086,2297
5087,3045
5088,4895
5089,2676
5090,1827
5091,8360
5092,8449
5093,1382
5094,3503
5095,4759
5096,1621
5097,8363
5098,1299
5099,600
5100,4593
5101,3858
5102,8432
5103,2088
5104,7015
5105,7251
5106,9203
5107,8755
5108,1581
5109,3912
5110,4893
5111,5115
5112,2919
5113,2016
5114,2338
5115,1809
5116,4891
5117,8074
5118,1381
5119,8401
5120,6973
5121,9669
5122,7596
5123,5688
5124,8460
5125,9814
5126,9242
5127,4504
5128,9939
5129,3469
5130,916
5131,5226
5132,3745
5133,2008
5134,4317
5135,1978
5136,6105
5137,879
5138,7248
5139,4806
5140,9654
5141,5493
5142,4722
5143,2380
5144,6370
5145,8021
5146,5404
5147,5249
5148,4977
5149,5708
5150,4759
5151,2115
5152,5462
5153,7030
5154,872
5155,4258
5156,2932
5157,626
5158,157
5159,1747
5160,2032
5161,9876
5162,8187
5163,4332
5164,1803
5165,6863
5166,8778
5167,9933
5168,1506
5169,3540
5170,9553
5171,2295
5172,9178
5173,1576
5174,9422
5175,4933
5176,8894
5177,2728
5178,704
5179,1672
5180,8372
5181,6267
5182,6894
5183,8041
5184,2687
5185,6105
5186,5337
5187,9178
5188,4930
5189,2494
5190,9002
5191,2470
5192,4506
5193,5521
5194,6303
5195,3714
5196,6747
5197,4465
5198,3960
5199,4883
5200,6008
5201,5088
5202,9719
5203,5307
5204,2750
5205,3741
5206,145
5207,2949
5208,8438
5209,3448
5210,7311
5211,8657
5212,1813
5213,6279
5214,2166
5215,6207
5216,0
5217,5609
5218,6816
5219,1883
5220,3277
5221,2877
5222,6701
5223,2746
5224,9523
5225,4343
5226,4492
5227,2483
5228,4316
5229,3611
5230,1387
5231,7094
5232,9364
5233,7058
5234,5922
5235,5638
5236,1839
5237,8095
5238,9050
5239,8933
5240,7116
5241,6228
5242,8681
5243,7204
5244,6991
5245,4095
5246,2601
5247,3990
5248,8349
5249,6619
5250,2169
5251,6577
5252,5688
5253,7153
5254,2749
5255,6218
5256,9062
5257,1008
5258,7665
5259,3214
5260,5997
5261,6501
5262,4840
5263,4186
5264,3910
5265,4140
5266,3165
5267,6502
5268,3690
5269,4503
5270,7821
5271,6891
5272,720
5273,3143
5274,1
5275,5679
5276,9868
5277,9589
5278,3052
5279,9583
5280,4859
5281,9127
5282,5639
5283,205
5284,4903
5285,6526
5286,4860
5287,9539
5288,8760
5289,7282
5290,5406
5291,8155
5292,9889
5293,2703
5294,1521
5295,4542
5296,9886
5297,8706
5298,9058
5299,1113
5300,964
5301,909
5302,8673
5303,804
5304,2714
5305,5795
5306,7861
5307,6753
5308,4195
5309,2970
5310,8439
5311,1259
5312,1279
5313,5486
5314,7524
5315,5172
5316,6620
5317,7196
5318,5999
5319,3163
5320,4198
5321,5053
5322,1502
5323,2499
5324,4769
5325,7638
5326,9544
5327,6390
5328,3686
5329,9131
5330,5000
5331,2973
5332,2165
5333,9691
5334,2700
5335,9843
5336,9655
5337,5211
5338,3590
5339,2333
5340,924
5341,2988
5342,4359
5343,4962
5344,7973
5345,2075
5346,632
5347,4394
5348,8138
5349,4656
5350,4910
5351,6297
5352,6978
5353,5196
5354,3289
5355,80
5356,9218
5357,8705
5358,8517
5359,6428
5360,3934
5361,4991
5362,4610
5363,9885
5364,6556
5365,6643
5366,280
5367,1625
5368,9476
5369,5410
5370,860
5371,2174
5372,3616
5373,8016
5374,8575
5375,9458
5376,4782
5377,6904
5378,9876
5379,4699
5380,45
5381,1163
5382,3555
5383,6031
5384,5010
5385,240
5386,3367
5387,7623
5388,8775
5389,1987
5390,8732
5391,4364
5392,49
5393,8041
5394,4410
5395,4394
5396,1332
5397,5318
5398,2208
5399,2181
5400,4201
5401,2166
5402,2536
5403,480
5404,7685
5405,4708
5406,9678
5407,9449
5408,9074
5409,6038
5410,4065
5411,677
5412,4678
5413,1939
5414,439
5415,7589
5416,4740
5417,4447
5418,8441
5419,8733
5420,1541
5421,4525
5422,6905
5423,7032
5424,9562
5425,4783
5426,8040
5427,1582
5428,8608
5429,3139
5430,4172
5431,5006
5432,4962
5433,8338
5434,5379
5435,149
5436,8515
5437,4768
5438,2444
5439,6430
5440,3994
5441,9221
5442,7880
5443,160
5444,2886
5445,9981
5446,2283
5447,1374
5448,8336
5449,1590
5450,2254
5451,6413
5452,8450
5453,7902
5454,2144
5455,8395
5456,9762
5457,409
5458,7483
5459,1737
5460,927
5461,6573
5462,2753
5463,808
5464,8741
5465,7198
5466,9435
5467,2228
5468,3493
5469,5124
5470,8081
5471,7281
5472,6710
5473,8462
5474,6606
5475,2547
5476,4687
5477,7103
5478,8187
5479,3728
5480,9074
5481,7742
5482,7280
5483,9291
5484,9849
5485,9209
5486,3367
5487,621
5488,5896
5489,3423
5490,7218
5491,7932
5492,2908
5493,3071
5494,5093
5495,2275
5496,1179
5497,4128
5498,9168
5499,5175
5500,6976
5501,9283
5502,3556
5503,4735
5504,9464
5505,6142
5506,8216
5507,9619
5508,9394
5509,457
5510,583
5511,7792
5512,1060
5513,8168
5514,3815
5515,4388
5516,9916
5517,5076
5518,5468
5519,1295
5520,5823
5521,3423
5522,2341
5523,7720
5524,840
5525,2837
5526,5455
5527,9373
5528,66
5529,7271
5530,8044
5531,9819
5532,3306
5533,589
5534,9023
5535,6786
5536,5127
5537,32
5538,6162
5539,678
5540,6345
5541,4839
5542,1085
5543,1892
5544,8347
5545,2885
5546,7720
5547,9165
5548,63
5549,6699
5550,3601
5551,3453
5552,4169
5553,2307
5554,8646
5555,3846
5556,3624
5557,5278
5558,7974
5559,2365
5560,6438
5561,3791
5562,8745
5563,3770
5564,1266
5565,4144
5566,6323
5567,3354
5568,2138
5569,3414
5570,4735
5571,6850
5572,8738
5573,2336
5574,3361
5575,3805
5576,4790
5577,1121
5578,175
5579,9523
5580,818
5581,5881
5582,7558
5583,5739
5584,2955
5585,7105
5586,9121
5587,8180
5588,7838
5589,5894
5590,9190
5591,3783
5592,9679
5593,597
5594,4437
5595,2638
5596,8833
5597,4274
5598,738
5599,3839
5600,7977
5601,9459
5602,9930
5603,2996
5604,8251
5605,8480
5606,646
5607,2759
5608,6606
5609,7083
5610,7549
5611,3955
5612,6367
5613,7203
5614,8260
5615,2944
5616,1918
5617,9521
5618,8870
5619,5814
5620,2903
5621,5840
5622,4646
5623,7242
5624,7406
5625,1235
5626,5401
5627,3143
5628,821
5629,8757
5630,8098
5631,1720
5632,1934
5633,5747
5634,352
5635,723
5636,1989
5637,7292
5638,5881
5639,8558
5640,2602
5641,3619
5642,1263
5643,6667
5644,8757
5645,7710
5646,3180
5647,3300
5648,4892
5649,4929
5650,3398
5651,4188
5652,8221
5653,2777
5654,2916
5655,1699
5656,1153
5657,5315
5658,919
5659,8155
5660,3957
5661,455
5662,578
5663,7367
5664,9275
5665,9883
5666,4964
5667,5083
5668,9531
5669,2384
5670,5436
5671,5784
5672,3449
5673,2204
5674,6498
5675,8468
5676,5076
5677,7892
5678,2534
5679,1240
5680,9612
5681,3835
5682,319
5683,8714
5684,1405
5685,7563
5686,5090
5687,5058
5688,7636
5689,4641
5690,7763
5691,6188
5692,5418
5693,5639
5694,8376
5695,3546
5696,1386
5697,5451
5698,5912
5699,2910
5700,719
5701,6220
5702,3482
5703,30
5704,4551
5705,8922
5706,7879
5707,9814
5708,4261
5709,13
5710,9940
5711,534
5712,9702
5713,8446
5714,6584
5715,7510
5716,8936
5717,2979
5718,7120
5719,5373
5720,8524
5721,5829
5722,3755
5723,8223
5724,31
5725,140
5726,3021
5727,4625
5728,5379
5729,3223
5730,6454
5731,677
5732,9389
5733,4770
5734,849
5735,2127
5736,5367
5737,7574
5738,8573
5739,6776
5740,7000
5741,6012
5742,833
5743,3358
5744,1780
5745,1929
5746,8066
5747,1593
5748,9151
5749,943
5750,4188
5751,1182
5752,4110
5753,4643
5754,2562
5755,9992
5756,2323
5757,6911
5758,5750
5759,5265
5760,8602
5761,2334
5762,6067
5763,596
5764,1482
5765,5768
5766,8333
5767,5558
5768,2387
5769,6278
5770,9211
5771,862
5772,7574
5773,4714
5774,1425
5775,9401
5776,3483
5777,475
5778,9903
5779,249
5780,9457
5781,4035
5782,8184
5783,7866
5784,6194
5785,6092
5786,6548
5787,5678
5788,893
5789,9314
5790,8473
5791,637
5792,752
5793,5578
5794,1715
5795,1492
5796,9810
5797,6798
5798,557
5799,9636
5800,5926
5801,3035
5802,9371
5803,6883
5804,1016
5805,6068
5806,1091
5807,3556
5808,1412
5809,3096
5810,9333
5811,9620
5812,1862
5813,5530
5814,22
5815,384
5816,3970
5817,8273
5818,620
5819,3862
5820,8477
5821,7023
5822,8118
5823,2674
5824,3054
5825,9913
5826,1968
5827,8657
5828,2333
5829,8492
5830,5369
5831,9472
5832,331
5833,2776
5834,8636
5835,1685
5836,2415
5837,6265
5838,8803
5839,5833
5840,7199
5841,9382
5842,52
5843,7980
5844,7204
5845,4849
5846,1700
5847,4898
5848,938
5849,3210
5850,7696
5851,9521
5852,4850
5853,3386
5854,4585
5855,7099
5856,3953
5857,2399
5858,2058
5859,1733
5860,6937
5861,4155
5862,1371
5863,4500
5864,2694
5865,9991
5866,6929
5867,3636
5868,4528
5869,2807
5870,1252
5871,3095
5872,1589
5873,3604
5874,3999
5875,7790
5876,5935
5877,9319
5878,2120
5879,9397
5880,4861
5881,5716
5882,9143
5883,2532
5884,7448
5885,5682
5886,147
5887,4574
5888,8589
5889,4690
5890,8885
5891,6098
5892,8144
5893,4783
5894,332
5895,324
5896,2251
5897,5499
5898,5252
5899,8061
5900,2764
5901,3846
5902,4024
5903,663
5904,1436
5905,8668
5906,3664
5907,6053
5908,447
5909,708
5910,7592
5911,4611
5912,4484
5913,9784
5914,4870
5915,2456
5916,8560
5917,3661
5918,530
5919,9037
5920,8237
5921,8038
5922,212
5923,7685
5924,9463
5925,9796
5926,2803
5927,1294
5928,456
5929,9681
5930,9317
5931,7812
5932,3035
5933,1566
5934,4948
5935,6976
5936,598
5937,9024
5938,6568
5939,2823
5940,4816
5941,5344
5942,9888
5943,2275
5944,7380
5945,7419
5946,6643
5947,5179
5948,4947
5949,7370
5950,8158
5951,805
5952,2593
5953,1767
5954,5962
5955,129
5956,8768
5957,8769
5958,8100
5959,5900
5960,5812
5961,7273
5962,2785
5963,5257
5964,9715
5965,6114
5966,5277
5967,6086
5968,8018
5969,9836
5970,4998
5971,7860
5972,305
5973,1076
5974,2273
5975,8827
5976,8880
5977,8567
5978,5805
5979,32
5980,911
5981,1110
5982,6432
5983,9530
5984,2161
5985,8060
5986,3018
5987,7360
5988,7505
5989,3139
5990,9886
5991,5472
5992,7076
5993,6517
5994,1902
5995,2105
5996,5514
5997,1245
5998,8471
5999,8521
6000,564
6001,4750
6002,2109
6003,6333
6004,9976
6005,6088
6006,7574
6007,9526
6008,5030
6009,4803
6010,698
6011,7437
6012,8718
6013,1230
6014,9425
6015,2567
6016,4433
6017,4082
6018,8124
6019,6885
6020,2137
6021,3050
6022,1944
6023,3119
6024,6339
6025,4074
6026,1228
6027,7188
6028,4273
6029,9160
6030,5565
6031,4299
6032,1609
6033,5415
6034,1454
6035,9373
6036,3991
6037,8561
6038,4891
6039,6791
6040,4045
6041,6556
6042,4416
6043,5494
6044,1405
6045,8952
6046,6084
6047,168
6048,4200
6049,523
6050,4035
6051,8758
6052,131
6053,7926
6054,6098
6055,7935
6056,1966
6057,7940
6058,7064
6059,4072
6060,9246
6061,2932
6062,7703
6063,6729
6064,2707
6065,7947
6066,4884
6067,7695
6068,8479
6069,6199
6070,4940
6071,2877
6072,1919
6073,7231
6074,5449
6075,9170
6076,6703
6077,1632
6078,4206
6079,7589
6080,7427
6081,1555
6082,4286
6083,4878
6084,4882
6085,2922
6086,5306
6087,5431
6088,1793
6089,1107
6090,7717
6091,1341
6092,3878
6093,4069
6094,4379
6095,6913
6096,6997
6097,8779
6098,30
6099,8833
6100,2270
6101,2890
6102,9843
6103,698
6104,1546
6105,7985
6106,6395
6107,1407
6108,5591
6109,8054
6110,106
6111,4423
6112,6003
6113,4467
6114,677
6115,9474
6116,5129
6117,387
6118,823
6119,3187
6120,4487
6121,6840
6122,8305
6123,6644
6124,1914
6125,328
6126,5750
6127,4162
6128,2631
6129,8701
6130,1039
6131,5857
6132,8895
6133,8808
6134,9314
6135,791
6136,8515
6137,3710
6138,2360
6139,9705
6140,5527
6141,8993
6142,2797
6143,7429
6144,9322
6145,1328
6146,9403
6147,6248
6148,1567
6149,3106
6150,4479
6151,9132
6152,9345
6153,7566
6154,3664
6155,9282
6156,397
6157,4706
6158,4615
6159,4660
6160,8622
6161,6507
6162,2202
6163,3617
6164,4864
6165,3444
6166,3272
6167,1735
6168,4308
6169,6426
6170,5923
6171,2787
6172,9060
6173,8672
6174,1656
6175,8617
6176,3185
6177,2738
6178,1985
6179,7102
6180,9222
6181,4076
6182,4974
6183,2721
6184,9578
6185,2879
6186,3196
6187,3294
6188,6078
6189,57
6190,9554
6191,1646
6192,7414
6193,5361
6194,5661
6195,6500
6196,1461
6197,8671
6198,9914
6199,7037
6200,7699
6201,8987
6202,3564
6203,9565
6204,1416
6205,5601
6206,638
6207,1725
6208,3414
6209,8144
6210,8328
6211,8162
6212,476
6213,9179
6214,9994
6215,4226
6216,3964
6217,6856
6218,5934
6219,454
6220,5904
6221,6605
6222,3493
6223,1365
6224,4543
6225,2058
6226,4550
6227,5171
6228,3155
6229,4327
6230,6603
6231,676
6232,7433
6233,7840
6234,7274
6235,2398
6236,2434
6237,9174
6238,7405
6239,6035
6240,2300
6241,9579
6242,2659
6243,9738
6244,8248
6245,5906
6246,7598
6247,3335
6248,8312
6249,584
6250,8997
6251,6239
6252,9843
6253,4861
6254,1721
6255,3897
6256,3455
6257,3288
6258,8105
6259,1498
6260,1323
6261,1715
6262,7182
6263,4881
6264,8677
6265,5678
6266,5780
6267,387
6268,9927
6269,3631
6270,3555
6271,8238
6272,872
6273,9800
6274,6886
6275,2276
6276,5984
6277,4818
6278,4208
6279,8576
6280,5364
6281,4720
6282,3348
6283,1399
6284,9180
6285,5281
6286,6847
6287,7583
6288,2421
6289,3167
6290,2935
6291,7511
6292,5370
6293,8397
6294,4166
6295,300
6296,390
6297,420
6298,5479
6299,8745
6300,7565
6301,836
6302,6159
6303,4027
6304,3694
6305,3469
6306,9364
6307,6584
6308,6751
6309,250
6310,9767
6311,3171
6312,9790
6313,1445
6314,8138
6315,6377
6316,3574
6317,961
6318,5475
6319,405
6320,3168
6321,7631
6322,4707
6323,3797
6324,6842
6325,9190
6326,5563
6327,2737
6328,1473
6329,5984
6330,8080
6331,8017
6332,5413
6333,8642
6334,6256
6335,666
6336,8379
6337,4755
6338,9112
6339,3109
6340,4888
6341,1834
6342,4749
6343,7158
6344,4466
6345,8056
6346,4240
6347,7839
6348,3006
6349,1867
6350,8162
6351,8514
6352,8716
6353,3765
6354,1660
6355,8332
6356,9976
6357,4469
6358,9838
6359,8377
6360,8905
6361,4110
6362,4529
6363,2142
6364,1859
6365,5869
6366,1080
6367,4471
6368,9072
6369,2079
6370,5325
6371,2999
6372,5436
6373,6679
6374,4108
6375,6411
6376,6882
6377,5872
6378,6133
6379,5312
6380,8033
6381,7232
6382,7023
6383,9162
6384,7907
6385,6088
6386,9237
6387,2586
6388,1523
6389,7117
6390,6501
6391,874
6392,8243
6393,6474
6394,7994
6395,9438
6396,2147
6397,370
6398,2169
6399,3728
6400,3213
6401,414
6402,5371
6403,3153
6404,3050
6405,8369
6406,285
6407,8971
6408,3858
6409,6116
6410,4199
6411,404
6412,6617
6413,5437
6414,3816
6415,4882
6416,267
6417,4995
6418,3888
6419,2220
6420,2581
6421,8434
6422,6599
6423,6068
6424,133
6425,6896
6426,9604
6427,3280
6428,5535
6429,2304
6430,6991
6431,2782
6432,9526
6433,2426
6434,5246
6435,427
6436,3865
6437,3038
6438,6623
6439,4782
6440,2544
6441,7023
6442,8704
6443,2121
6444,9610
6445,8987
6446,7213
6447,2429
6448,297
6449,5250
6450,9800
6451,5262
6452,1302
6453,3092
6454,4417
6455,370
6456,4694
6457,1970
6458,6841
6459,9722
6460,6671
6461,5296
6462,8934
6463,4416
6464,514
6465,5052
6466,7421
6467,9969
6468,8461
6469,6515
6470,4764
6471,1225
6472,2109
6473,1529
6474,2824
6475,8267
6476,9297
6477,4412
6478,8382
6479,4899
6480,8428
6481,9657
6482,6051
6483,8193
6484,3168
6485,4141
6486,1320
6487,8612
6488,5842
6489,1383
6490,6098
6491,5503
6492,5146
6493,6965
6494,4836
6495,7086
6496,7361
6497,7959
6498,8472
6499,9268
6500,534
6501,9924
6502,8179
6503,7501
6504,7800
6505,3963
6506,9791
6507,2725
6508,1340
6509,4457
6510,8658
6511,4158
6512,6688
6513,3572
6514,3634
6515,7575
6516,7590
6517,5810
6518,7599
6519,2675
6520,1056
6521,7233
6522,9705
6523,3342
6524,9140
6525,2793
6526,3127
6527,5755
6528,8151
6529,2917
6530,4234
6531,138
6532,4713
6533,6373
6534,6864
6535,9983
6536,3517
6537,2736
6538,8182
6539,6446
6540,7011
6541,3478
6542,4538
6543,8318
6544,6490
6545,5229
6546,7820
6547,9095
6548,63
6549,5736
6550,2046
6551,3053
6552,2223
6553,3996
6554,4303
6555,459
6556,747
6557,5417
6558,7743
6559,7896
6560,3989
6561,3173
6562,2944
6563,8917
6564,6467
6565,7106
6566,6827
6567,986
6568,3300
6569,3939
6570,9644
6571,7668
6572,2282
6573,6438
6574,3542
6575,9124
6576,9960
6577,5057
6578,1132
6579,6558
6580,809
6581,8487
6582,3833
6583,1158
6584,9571
6585,3995
6586,1507
6587,7037
6588,4148
6589,3959
6590,2153
6591,8715
6592,541
6593,6215
6594,9482
6595,9219
6596,4136
6597,9757
6598,3253
6599,7202
6600,6810
6601,8217
6602,6265
6603,1989
6604,9051
6605,422
6606,6471
6607,8621
6608,8499
6609,2933
6610,1421
6611,1052
6612,2205
6613,4968
6614,5445
6615,9514
6616,4955
6617,1512
6618,1788
6619,7245
6620,9805
6621,1721
6622,5156
6623,1298
6624,8650
6625,4526
6626,8596
6627,7896
6628,7796
6629,3208
6630,1897
6631,5565
6632,5017
6633,6525
6634,3737
6635,8981
6636,5745
6637,1725
6638,1224
6639,6514
6640,7682
6641,6802
6642,8369
6643,4096
6644,92
6645,400
6646,9896
6647,6189
6648,5115
6649,9943
6650,5611
6651,8862
6652,7926
6653,3427
6654,9606
6655,7356
6656,1367
6657,6270
6658,8598
6659,8414
6660,8661
6661,1912
6662,9055
6663,4094
6664,5143
6665,965
6666,9141
6667,9841
6668,7811
6669,7724
6670,2447
6671,892
6672,4256
6673,5925
6674,7084
6675,3367
6676,8490
6677,401
6678,6494
6679,4660
6680,4417
6681,2840
6682,2194
6683,7018
6684,5324
6685,3057
6686,9687
6687,1812
6688,9372
6689,9154
6690,7229
6691,7026
6692,8483
6693,3929
6694,4994
6695,8097
6696,2586
6697,2115
6698,8459
6699,6881
6700,1355
6701,1456
6702,2438
6703,2170
6704,6122
6705,1456
6706,561
6707,6486
6708,3438
6709,9304
6710,4268
6711,6959
6712,808
6713,1319
6714,6153
6715,4628
6716,5711
6717,8958
6718,77
6719,996
6720,8082
6721,3293
6722,252
6723,120
6724,191
6725,7427
6726,1232
6727,6805
6728,7399
6729,1418
6730,7055
6731,782
6732,9947
6733,1041
6734,3220
6735,2377
6736,4925
6737,7974
6738,4398
6739,3151
6740,2603
6741,4016
6742,1752
6743,7528
6744,8066
6745,4360
6746,9431
6747,8801
6748,5234
6749,8349
6750,1620
6751,4577
6752,497
6753,9572
6754,6584
6755,4457
6756,5059
6757,5240
6758,9518
6759,41
6760,5527
6761,1627
6762,7961
6763,5051
6764,5567
6765,5382
6766,3226
6767,6224
6768,2125
6769,6583
6770,173
6771,813
6772,3102
6773,969
6774,4313
6775,3560
6776,1408
6777,2677
6778,4794
6779,3905
6780,1242
6781,6915
6782,6024
6783,873
6784,2800
6785,4277
6786,8281
6787,7095
6788,9806
6789,6982
6790,4229
6791,4708
6792,6312
6793,2776
6794,3070
6795,1364
6796,4875
6797,4083
6798,6073
6799,8217
6800,8143
6801,7692
6802,9314
6803,8454
6804,1605
6805,7133
6806,4029
6807,99
6808,4264
6809,4724
6810,2999
6811,1168
6812,2023
6813,153
6814,7728
6815,7263
6816,3216
6817,4856
6818,3742
6819,9962
6820,3887
6821,7294
6822,2702
6823,4393
6824,1544
6825,531
6826,3967
6827,5170
6828,7429
6829,8243
6830,1971
6831,1062
6832,1657
6833,3775
6834,1427
6835,3044
6836,4895
6837,2133
6838,5991
6839,1552
6840,1693
6841,5969
6842,2245
6843,6558
6844,2415
6845,13
6846,3606
6847,7451
6848,7231
6849,9679
6850,4084
6851,542
6852,1560
6853,4896
6854,7778
6855,8737
6856,9401
6857,4733
6858,1546
6859,6672
6860,7321
6861,2638
6862,5891
6863,4765
6864,7486
6865,4664
6866,2801
6867,540
6868,1124
6869,5111
6870,1528
6871,5236
6872,4592
6873,7754
6874,366
6875,3887
6876,743
6877,5709
6878,6009
6879,8871
6880,1807
6881,9665
6882,6607
6883,9414
6884,2951
6885,4230
6886,7674
6887,1432
6888,1011
6889,8190
6890,1460
6891,2251
6892,7250
6893,2524
6894,9482
6895,9506
6896,5108
6897,619
6898,5880
6899,3205
6900,2684
6901,3740
6902,1719
6903,3908
6904,9400
6905,862
6906,4826
6907,680
6908,7781
6909,2570
6910,3001
6911,8543
6912,8033
6913,4835
6914,8629
6915,8387
6916,2512
6917,2487
6918,3285
6919,4661
6920,2451
6921,1609
6922,8280
6923,5393
6924,9405
6925,1808
6926,6326
6927,2925
6928,1924
6929,4310
6930,1727
6931,3309
6932,4769
6933,1178
6934,2245
6935,7324
6936,7308
6937,2901
6938,834
6939,9657
6940,9617
6941,8759
6942,8521
6943,71
6944,2532
6945,3622
6946,9550
6947,772
6948,2642
6949,7002
6950,3812
6951,1050
6952,3846
6953,7773
6954,9966
6955,3047
6956,233
6957,7910
6958,3455
6959,4830
6960,6514
6961,9910
6962,4483
6963,4357
6964,2560
6965,4054
6966,4781
6967,9598
6968,5195
6969,1101
6970,2557
6971,950
6972,5731
6973,1225
6974,9843
6975,7310
6976,4070
6977,3784
6978,8676
6979,4185
6980,6163
6981,4111
6982,7524
6983,9102
6984,8285
6985,242
6986,9330
6987,7453
6988,6583
6989,6779
6990,8622
6991,6397
6992,678
6993,5911
6994,5452
6995,497
6996,1259
6997,878
6998,4143
6999,6844
7000,3164
7001,790
7002,862
7003,4719
7004,6764
7005,6564
7006,695
7007,3158
7008,1984
7009,7188
7010,2087
7011,7238
7012,2011
7013,3907
7014,6572
7015,120
7016,1194
7017,5911
7018,3733
7019,2966
7020,4540
7021,5126
7022,2947
7023,8078
7024,1242
7025,6607
7026,789
7027,8138
7028,5758
7029,8158
7030,7756
7031,1588
7032,8353
7033,6561
7034,5051
7035,989
7036,463
7037,7160
7038,2440
7039,1461
7040,3774
7041,1233
7042,6645
7043,9564
7044,2336
7045,3359
7046,3240
7047,603
7048,4903
7049,8724
7050,8512
7051,4843
7052,7581
7053,1781
7054,7129
7055,9873
7056,6982
7057,426
7058,1077
7059,4030
7060,6199
7061,8373
7062,3035
7063,8411
7064,4959
7065,9252
7066,2332
7067,5455
7068,5744
7069,1030
7070,3542
7071,7464
7072,7277
7073,4494
7074,8085
7075,7035
7076,2302
7077,869
7078,5586
7079,780
7080,5218
7081,2158
7082,303
7083,1064
7084,6119
7085,8883
7086,8766
7087,1533
7088,29
7089,2006
7090,9442
7091,6005
7092,8754
7093,6141
7094,2789
7095,8047
7096,8085
7097,9450
7098,103
7099,9940
7100,152
7101,5118
7102,1405
7103,20
7104,2058
7105,4721
7106,7132
7107,707
7108,4539
7109,7292
7110,2193
7111,3459
7112,4306
7113,1099
7114,6644
7115,8226
7116,2684
7117,7611
7118,1102
7119,7457
7120,8788
7121,3493
7122,2746
7123,5270
7124,553
7125,3115
7126,5850
7127,6011
7128,3901
7129,2545
7130,4077
7131,1527
7132,4793
7133,1017
7134,6527
7135,460
7136,7062
7137,5403
7138,724
7139,2920
7140,2857
7141,203
7142,2680
7143,1387
7144,3613
7145,2883
7146,9787
7147,8650
7148,9310
7149,5171
7150,7443
7151,7866
7152,165
7153,7174
7154,1076
7155,6011
7156,9752
7157,2093
7158,1760
7159,9804
7160,4682
7161,134
7162,8217
7163,2861
7164,3522
7165,8602
7166,2059
7167,4633
7168,2576
7169,9074
7170,5699
7171,4419
7172,7634
7173,4692
7174,4100
7175,332
7176,3719
7177,2864
7178,5234
7179,3953
7180,2612
7181,7536
7182,3168
7183,5386
7184,9026
7185,8367
7186,2943
7187,2068
7188,1385
7189,9379
7190,8369
7191,2653
7192,2786
7193,1147
7194,9796
7195,5530
7196,7076
7197,6242
7198,1552
7199,5321
7200,7120
7201,1753
7202,6885
7203,5609
7204,2321
7205,7189
7206,4263
7207,4765
7208,592
7209,9730
7210,1215
7211,3558
7212,3345
7213,8664
7214,6871
7215,1690
7216,7395
7217,8683
7218,7360
7219,6942
7220,4459
7221,6407
7222,6435
7223,4013
7224,8226
7225,6148
7226,3276
7227,4647
7228,5363
7229,3809
7230,1710
7231,6769
7232,272
7233,4021
7234,8203
7235,3773
7236,394
7237,6648
7238,5404
7239,5640
7240,6475
7241,3402
7242,4823
7243,3556
7244,3981
7245,4595
7246,2738
7247,1932
7248,2489
7249,3474
7250,4332
7251,5377
7252,2568
7253,913
7254,7912
7255,35
7256,1624
7257,7957
7258,4566
7259,6232
7260,644
7261,5680
7262,3546
7263,8589
7264,2031
7265,4935
7266,8760
7267,5312
7268,3119
7269,2297
7270,7734
7271,8543
7272,2353
7273,3867
7274,6641
7275,6932
7276,4542
7277,2475
7278,1542
7279,7860
7280,8304
7281,7882
7282,985
7283,2606
7284,7357
7285,2457
7286,7965
7287,5376
7288,5576
7289,6627
7290,530
7291,1581
7292,9208
7293,5668
7294,7656
7295,7291
7296,9400
7297,7368
7298,3912
7299,338
7300,7131
7301,5292
7302,7090
7303,4977
7304,2720
7305,2268
7306,1053
7307,3803
7308,2092
7309,5654
7310,9534
7311,3035
7312,51
7313,2112
7314,6887
7315,2498
7316,9296
7317,4720
7318,4665
7319,6995
7320,4812
7321,1524
7322,1793
7323,4063
7324,3453
7325,8305
7326,67
7327,3651
7328,7252
7329,4224
7330,6297
7331,9554
7332,2011
7333,6030
7334,9765
7335,8812
7336,9116
7337,9342
7338,6276
7339,3370
7340,6044
7341,2929
7342,9177
7343,6135
7344,2612
7345,3980
7346,4240
7347,3436
7348,540
7349,5535
7350,5612
7351,3510
7352,6273
7353,2212
7354,3722
7355,4645
7356,2322
7357,783
7358,1905
7359,6213
7360,8177
7361,8467
7362,3071
7363,5980
7364,3953
7365,121
7366,9788
7367,7119
7368,5779
7369,5832
7370,8231
7371,187
7372,6959
7373,1505
7374,1297
7375,2317
7376,1391
7377,285
7378,238
7379,1517
7380,1160
7381,6477
7382,7418
7383,5887
7384,6728
7385,3892
7386,4936
7387,7602
7388,7795
7389,4224
7390,2385
7391,8254
7392,9993
7393,1533
7394,9865
7395,4366
7396,977
7397,1317
7398,96
7399,793
7400,4577
7401,824
7402,796
7403,4750
7404,1231
7405,4652
7406,2999
7407,9334
7408,6464
7409,1282
7410,9520
7411,6677
7412,7989
7413,4540
7414,9561
7415,1606
7416,9811
7417,3427
7418,2336
7419,1261
7420,2738
7421,6321
7422,4498
7423,4853
7424,771
7425,366
7426,3904
7427,4457
7428,9114
7429,7838
7430,8966
7431,3738
7432,674
7433,5043
7434,9941
7435,2656
7436,443
7437,1195
7438,1720
7439,8229
7440,8929
7441,7059
7442,9543
7443,2939
7444,9892
7445,7829
7446,334
7447,2492
7448,7009
7449,6756
7450,8178
7451,1181
7452,2408
7453,7397
7454,484
7455,1248
7456,5460
7457,1305
7458,5043
7459,6771
7460,132
7461,3269
7462,2239
7463,8138
7464,4394
7465,2122
7466,67
7467,5346
7468,6871
7469,8719
7470,7805
7471,332
7472,401
7473,651
7474,774
7475,2792
7476,7020
7477,8316
7478,7277
7479,3422
7480,5663
7481,6034
7482,9687
7483,8392
7484,5166
7485,3815
7486,1999
7487,5461
7488,5257
7489,7504
7490,3766
7491,581
7492,6010
7493,303
7494,687
7495,4560
7496,5833
7497,7820
7498,390
7499,9153
7500,6016
7501,5539
7502,7776
7503,6665
7504,867
7505,5615
7506,5173
7507,2950
7508,8235
7509,5914
7510,1367
7511,5874
7512,647
7513,6291
7514,8507
7515,9001
7516,4278
7517,2049
7518,456
7519,7499
7520,4211
7521,91
7522,9207
7523,1908
7524,7720
7525,1263
7526,8210
7527,9977
7528,8478
7529,9531
7530,6449
7531,7415
7532,442
7533,6069
7534,3881
7535,9268
7536,1233
7537,7579
7538,2895
7539,1458
7540,6531
7541,1969
7542,7452
7543,944
7544,1556
7545,5600
7546,3938
7547,3146
7548,4777
7549,5674
7550,7567
7551,2510
7552,4881
7553,7490
7554,8516
7555,4415
7556,3458
7557,476
7558,3743
7559,2565
7560,1875
7561,8826
7562,8569
7563,310
7564,7884
7565,3892
7566,2608
7567,54
7568,8395
7569,9641
7570,8250
7571,7178
7572,1545
7573,1604
7574,6531
7575,4250
7576,1407
7577,9039
7578,5656
7579,4856
7580,9061
7581,8358
7582,901
7583,7051
7584,6927
7585,9156
7586,1025
7587,638
7588,1095
7589,4692
7590,8321
7591,2316
7592,3444
7593,2596
7594,1036
7595,6360
7596,3863
7597,3126
7598,1728
7599,6533
7600,4404
7601,9419
7602,8665
7603,2216
7604,1208
7605,886
7606,8404
7607,4954
7608,5846
7609,7327
7610,6166
7611,6311
7612,2349
7613,9931
7614,2178
7615,69
7616,2502
7617,1245
7618,7800
7619,6471
7620,3799
7621,9475
7622,1771
7623,8493
7624,7588
7625,8493
7626,1442
7627,3497
7628,3642
7629,3489
7630,2737
7631,3380
7632,7140
7633,7047
7634,5914
7635,9925
7636,344
7637,5365
7638,5391
7639,6021
7640,155
7641,1383
7642,918
7643,9558
7644,9986
7645,3657
7646,3977
7647,3207
7648,447
7649,4690
7650,8655
7651,2814
7652,4607
7653,8248
7654,7551
7655,8600
7656,5527
7657,8224
7658,6600
7659,2541
7660,8751
7661,4835
7662,8722
7663,2224
7664,969
7665,2216
7666,745
7667,4656
7668,3097
7669,6840
7670,9770
7671,5426
7672,4356
7673,8185
7674,4582
7675,8953
7676,9273
7677,4989
7678,6808
7679,5400
7680,6370
7681,8536
7682,2867
7683,3438
7684,831
7685,3411
7686,8382
7687,248
7688,3853
7689,8688
7690,1394
7691,8881
7692,1065
7693,662
7694,610
7695,8749
7696,8232
7697,360
7698,7305
7699,2046
7700,3282
7701,9141
7702,9678
7703,7151
7704,9144
7705,7204
7706,5151
7707,8930
7708,838
7709,4025
7710,2302
7711,2962
7712,2567
7713,9171
7714,7044
7715,3853
7716,3426
7717,6936
7718,731
7719,9612
7720,1574
7721,3157
7722,1186
7723,3865
7724,2132
7725,4122
7726,3168
7727,525
7728,5933
7729,3817
7730,3417
7731,8814
7732,2666
7733,9834
7734,121
7735,3556
7736,8243
7737,9358
7738,6844
7739,2807
7740,5798
7741,8872
7742,7814
7743,9985
7744,2824
7745,9329
7746,895
7747,9811
7748,2976
7749,7681
7750,1263
7751,2994
7752,2034
7753,3871
7754,5802
7755,7981
7756,9127
7757,8942
7758,3264
7759,3091
7760,5078
7761,6050
7762,3849
7763,564
7764,895
7765,7726
7766,6554
7767,6035
7768,8913
7769,6180
7770,5029
7771,1628
7772,752
7773,8653
7774,604
7775,7797
7776,5475
7777,8329
7778,3991
7779,4545
7780,7808
7781,1917
7782,3343
7783,4169
7784,6969
7785,535
7786,5806
7787,9115
7788,7227
7789,8748
7790,7489
7791,6107
7792,2143
7793,4222
7794,2863
7795,5545
7796,5974
7797,8653
7798,5538
7799,7539
7800,915
7801,9027
7802,6251
7803,2711
7804,1025
7805,526
7806,7843
7807,7846
7808,7844
7809,3038
7810,3350
7811,7810
7812,5753
7813,3892
7814,5262
7815,5140
7816,8213
7817,7973
7818,1670
7819,2598
7820,911
7821,5506
7822,6640
7823,2236
7824,6508
7825,5492
7826,7970
7827,8298
7828,3515
7829,2357
7830,3073
7831,5613
7832,3330
7833,1271
7834,5161
7835,7774
7836,6767
7837,2217
7838,1979
7839,7175
7840,2426
7841,8102
7842,66
7843,7071
7844,4843
7845,8033
7846,2727
7847,7137
7848,8643
7849,1169
7850,5432
7851,1749
7852,3169
7853,9939
7854,8027
7855,5050
7856,3711
7857,1810
7858,736
7859,3327
7860,9037
7861,118
7862,8616
7863,2753
7864,3149
7865,4145
7866,7286
7867,8787
7868,8107
7869,2617
7870,3808
7871,3519
7872,203
7873,8778
7874,8319
7875,4551
7876,6707
7877,9751
7878,8025
7879,5801
7880,4144
7881,6942
7882,3496
7883,147
7884,6876
7885,5515
7886,8529
7887,5244
7888,4291
7889,8573
7890,8742
7891,9582
7892,431
7893,9322
7894,4317
7895,5791
7896,4280
7897,2344
7898,5133
7899,7196
7900,6914
7901,4221
7902,8879
7903,7271
7904,4509
7905,9708
7906,5832
7907,7001
7908,1146
7909,6754
7910,4560
7911,2303
7912,6865
7913,9416
7914,8914
7915,7251
7916,8256
7917,77
7918,9945
7919,5389
7920,8446
7921,108
7922,3748
7923,9695
7924,6248
7925,2592
7926,7448
7927,4783
7928,4075
7929,6948
7930,7285
7931,7960
7932,3978
7933,6010
7934,4957
7935,2063
7936,4637
7937,6045
7938,3944
7939,1515
7940,6319
7941,9702
7942,388
7943,9253
7944,7640
7945,1633
7946,6957
7947,2380
7948,5598
7949,7440
7950,2128
7951,2175
7952,4631
7953,4121
7954,7252
7955,1931
7956,4602
7957,2623
7958,479
7959,97
7960,3910
7961,9815
7962,4052
7963,3897
7964,4942
7965,756
7966,4865
7967,7973
7968,5205
7969,419
7970,3292
7971,1517
7972,2543
7973,4813
7974,1192
7975,619
7976,3316
7977,696
7978,655
7979,8209
7980,7393
7981,9704
7982,4849
7983,9258
7984,7333
7985,525
7986,906
7987,2113
7988,9205
7989,5329
7990,8358
7991,8027
7992,7388
7993,1377
7994,4033
7995,677
7996,6197
7997,3450
7998,8073
7999,7383
8000,1746
8001,6000
8002,9985
8003,2714
8004,7226
8005,419
8006,3997
8007,9636
8008,2506
8009,6245
8010,7215
8011,1118
8012,838
8013,9230
8014,7205
8015,1395
8016,448
8017,5432
8018,2610
8019,7813
8020,2861
8021,2427
8022,4538
8023,6566
8024,186
8025,6547
8026,9745
8027,5704
8028,3815
8029,3400
8030,3769
8031,8473
8032,9781
8033,1539
8034,1193
8035,7916
8036,407
8037,5746
8038,6474
8039,8408
8040,8533
8041,7896
8042,6870
8043,4788
8044,1799
8045,9756
8046,571
8047,8706
8048,5980
8049,877
8050,7023
8051,1785
8052,6505
8053,6515
8054,3312
8055,2929
8056,8089
8057,6224
8058,3201
8059,5966
8060,7696
8061,3048
8062,5457
8063,4831
8064,5880
8065,3023
8066,4701
8067,8118
8068,1823
8069,3023
8070,6541
8071,8313
8072,9160
8073,1903
8074,7942
8075,4171
8076,9894
8077,3479
8078,8431
8079,5545
8080,2652
8081,3937
8082,7986
8083,5311
8084,3684
8085,8446
8086,5970
8087,7469
8088,9579
8089,4592
8090,7571
8091,4836
8092,7212
8093,7685
8094,7063
8095,4288
8096,5186
8097,8093
8098,8839
8099,9951
8100,2793
8101,2701
8102,8258
8103,2104
8104,1063
8105,3554
8106,9496
8107,1993
8108,7618
8109,5007
8110,9416
8111,5050
8112,9124
8113,5116
8114,6851
8115,4344
8116,3680
8117,725
8118,6337
8119,7193
8120,41
8121,7709
8122,1360
8123,543
8124,1385
8125,4759
8126,3779
8127,5554
8128,1626
8129,2329
8130,2453
8131,2451
8132,8383
8133,1370
8134,204
8135,767
8136,7964
8137,6818
8138,9437
8139,198
8140,6046
8141,1170
8142,5064
8143,1315
8144,5839
8145,4521
8146,4909
8147,1117
8148,3255
8149,8248
8150,8368
8151,636
8152,3272
8153,6181
8154,524
8155,2337
8156,7690
8157,3457
8158,6157
8159,7611
8160,5861
8161,2113
8162,4750
8163,6418
8164,8628
8165,2541
8166,8032
8167,8463
8168,8538
8169,6039
8170,355
8171,6886
8172,4774
8173,1677
8174,3163
8175,7629
8176,3134
8177,5312
8178,120
8179,7440
8180,2396
8181,3232
8182,3953
8183,894
8184,450
8185,7428
8186,1067
8187,2698
8188,3879
8189,2336
8190,6195
8191,6212
8192,3016
8193,7641
8194,4648
8195,2093
8196,7920
8197,6780
8198,7696
8199,5846
8200,7814
8201,8073
8202,5519
8203,3231
8204,4579
8205,3146
8206,33
8207,4120
8208,2919
8209,3365
8210,5111
8211,4330
8212,1753
8213,8949
8214,9271
8215,1811
8216,2379
8217,5988
8218,2729
8219,6095
8220,5409
8221,4885
8222,9214
8223,9606
8224,1483
8225,7118
8226,6591
8227,8174
8228,1340
8229,6795
8230,1244
8231,2614
8232,5225
8233,4399
8234,1883
8235,1893
8236,493
8237,1597
8238,9640
8239,3240
8240,9466
8241,554
8242,44
8243,494
8244,5642
8245,1267
8246,2238
8247,3712
8248,1587
8249,5343
8250,590
8251,5646
8252,7520
8253,5133
8254,6364
8255,7645
8256,8727
8257,6951
8258,9527
8259,2528
8260,3834
8261,2378
8262,2995
8263,5222
8264,3765
8265,5683
8266,956
8267,6070
8268,7352
8269,4846
8270,4296
8271,3439
8272,6241
8273,3043
8274,4443
8275,6671
8276,8155
8277,245
8278,6411
8279,540
8280,9184
8281,8383
8282,6501
8283,4898
8284,2349
8285,1464
8286,5558
8287,6170
8288,9513
8289,8023
8290,7250
8291,7165
8292,1659
8293,8418
8294,7995
8295,1270
8296,4743
8297,1304
8298,5051
8299,4738
8300,4435
8301,7396
8302,9201
8303,8621
8304,5744
8305,4817
8306,6559
8307,8553
8308,5341
8309,5643
8310,9614
8311,3014
8312,9178
8313,6090
8314,4063
8315,449
8316,7541
8317,9574
8318,8760
8319,7673
8320,5368
8321,4142
8322,9110
8323,9297
8324,2116
8325,4717
8326,227
8327,5304
8328,6231
8329,8177
8330,8624
8331,9692
8332,7791
8333,5615
8334,1850
8335,8110
8336,5659
8337,6726
8338,3512
8339,5434
8340,8011
8341,7463
8342,3324
8343,3807
8344,3329
8345,7316
8346,283
8347,2008
8348,8990
8349,1497
8350,7748
8351,4046
8352,7791
8353,8746
8354,8002
8355,5003
8356,1277
8357,9788
8358,345
8359,4284
8360,5520
8361,4169
8362,6300
8363,7412
8364,157
8365,3448
8366,5966
8367,1172
8368,3974
8369,7644
8370,9229
8371,1086
8372,2631
8373,8118
8374,2988
8375,1108
8376,2796
8377,9404
8378,4350
8379,4599
8380,3788
8381,3625
8382,1950
8383,8634
8384,2228
8385,8203
8386,3221
8387,9115
8388,8901
8389,420
8390,3016
8391,672
8392,6702
8393,8967
8394,5827
8395,6916
8396,4241
8397,3762
8398,1693
8399,2289
8400,4766
8401,5550
8402,3005
8403,1312
8404,4334
8405,8403
8406,9394
8407,9578
8408,5770
8409,1375
8410,805
8411,1244
8412,2143
8413,2084
8414,7635
8415,5346
8416,2173
8417,2800
8418,7055
8419,9970
8420,5917
8421,371
8422,5973
8423,9127
8424,6461
8425,3482
8426,763
8427,7622
8428,6908
8429,6745
8430,4762
8431,7758
8432,8191
8433,8581
8434,250
8435,8714
8436,5156
8437,588
8438,5036
8439,756
8440,6992
8441,4976
8442,9472
8443,7177
8444,6459
8445,7827
8446,5531
8447,5857
8448,4996
8449,854
8450,9290
8451,4530
8452,259
8453,9326
8454,8564
8455,5793
8456,3726
8457,1431
8458,7923
8459,9937
8460,5482
8461,9697
8462,844
8463,5999
8464,2388
8465,5022
8466,2270
8467,3176
8468,7112
8469,3258
8470,8815
8471,8691
8472,5176
8473,8033
8474,4257
8475,9309
8476,3424
8477,9740
8478,9828
8479,8416
8480,9656
8481,4929
8482,5755
8483,6880
8484,2950
8485,5202
8486,3274
8487,5293
8488,5163
8489,9321
8490,7360
8491,9615
8492,5617
8493,711
8494,8230
8495,9464
8496,9862
8497,4212
8498,5472
8499,6338
8500,3901
8501,415
8502,8373
8503,995
8504,7010
8505,5909
8506,603
8507,6502
8508,7268
8509,9563
8510,7788
8511,5985
8512,1502
8513,3163
8514,4372
8515,219
8516,2325
8517,5248
8518,6490
8519,5543
8520,3515
8521,9893
8522,6332
8523,5690
8524,9353
8525,862
8526,2324
8527,4185
8528,5229
8529,1394
8530,3875
8531,7407
8532,8884
8533,4859
8534,2429
8535,9937
8536,6388
8537,6369
8538,7220
8539,4192
8540,9869
8541,7840
8542,9422
8543,4783
8544,2462
8545,6441
8546,7961
8547,1494
8548,8511
8549,3044
8550,3162
8551,4302
8552,6343
8553,2309
8554,4091
8555,7308
8556,9237
8557,2032
8558,7508
8559,6664
8560,7870
8561,5396
8562,6557
8563,6699
8564,4639
8565,3718
8566,6232
8567,7909
8568,2239
8569,4330
8570,7343
8571,2926
8572,5605
8573,7518
8574,5844
8575,7335
8576,8800
8577,3390
8578,2148
8579,304
8580,2676
8581,2605
8582,3467
8583,222
8584,7855
8585,1852
8586,4810
8587,6971
8588,3685
8589,121
8590,4882
8591,9810
8592,3694
8593,8771
8594,6156
8595,9093
8596,3713
8597,9497
8598,2834
8599,4143
8600,5167
8601,9727
8602,8317
8603,3868
8604,4396
8605,3889
8606,3307
8607,8977
8608,6159
8609,9489
8610,8804
8611,8530
8612,450
8613,4009
8614,1495
8615,6998
8616,3545
8617,3527
8618,4088
8619,6180
8620,2164
8621,875
8622,7365
8623,9649
8624,9566
8625,1113
8626,8476
8627,5235
8628,6726
8629,3839
8630,3361
8631,4319
8632,9269
8633,960
8634,4137
8635,2742
8636,6998
8637,6616
8638,7847
8639,7872
8640,2585
8641,3072
8642,7652
8643,7505
8644,3773
8645,9649
8646,3764
8647,8953
8648,555
8649,7415
8650,5649
8651,2824
8652,9520
8653,8134
8654,4505
8655,2579
8656,6024
8657,7858
8658,2767
8659,1835
8660,5466
8661,7243
8662,1496
8663,3683
8664,6548
8665,8784
8666,3515
8667,1052
8668,9659
8669,6119
8670,6337
8671,5140
8672,1063
8673,5466
8674,827
8675,7494
8676,9022
8677,9048
8678,9255
8679,3765
8680,9183
8681,5695
8682,6271
8683,5195
8684,6902
8685,3986
8686,3154
8687,7712
8688,6043
8689,6478
8690,3887
8691,9049
8692,3291
8693,6785
8694,9751
8695,2256
8696,1714
8697,9849
8698,2791
8699,9729
8700,2737
8701,8671
8702,6264
8703,3123
8704,3547
8705,9720
8706,6298
8707,5755
8708,2700
8709,9987
8710,4608
8711,6675
8712,1936
8713,6769
8714,8101
8715,3891
8716,7879
8717,4048
8718,5343
8719,8255
8720,7942
8721,6777
8722,5938
8723,2681
8724,9218
8725,8399
8726,9555
8727,4659
8728,6084
8729,9597
8730,7603
8731,1672
8732,3734
8733,8703
8734,648
8735,8420
8736,316
8737,8986
8738,1016
8739,6144
8740,8222
8741,4410
8742,4279
8743,8093
8744,2260
8745,4089
8746,5038
8747,8325
8748,3213
8749,9582
8750,8065
8751,1219
8752,3990
8753,7181
8754,6069
8755,9539
8756,3325
8757,1192
8758,985
8759,8056
8760,9124
8761,3179
8762,4027
8763,4301
8764,5725
8765,1387
8766,9598
8767,8663
8768,6917
8769,6339
8770,9631
8771,3235
8772,6316
8773,1936
8774,5698
8775,7354
8776,4560
8777,5151
8778,9683
8779,4548
8780,4158
8781,6249
8782,3370
8783,3311
8784,2370
8785,650
8786,2678
8787,5797
8788,5582
8789,464
8790,1466
8791,6199
8792,8562
8793,8014
8794,3589
8795,2394
8796,3081
8797,5679
8798,7011
8799,8016
8800,7248
8801,1628
8802,8118
8803,7660
8804,2201
8805,4356
8806,9907
8807,3032
8808,8359
8809,1091
8810,3563
8811,6661
8812,9612
8813,9974
8814,2180
8815,4616
8816,95
8817,8309
8818,4982
8819,3459
8820,2897
8821,1713
8822,5324
8823,8911
8824,3649
8825,3111
8826,5281
8827,5003
8828,7627
8829,4935
8830,1851
8831,8238
8832,2595
8833,4340
8834,7936
8835,520
8836,6216
8837,7481
8838,9452
8839,4164
8840,9467
8841,7993
8842,5036
8843,5119
8844,7583
8845,7200
8846,1216
8847,4042
8848,7833
8849,4311
8850,3738
8851,2788
8852,2629
8853,2595
8854,3581
8855,9125
8856,8427
8857,799
8858,6764
8859,4337
8860,2192
8861,994
8862,7820
8863,4103
8864,5875
8865,4599
8866,8222
8867,4008
8868,294
8869,7015
8870,4124
8871,7804
8872,7593
8873,6464
8874,2897
8875,4178
8876,847
8877,9666
8878,3521
8879,6833
8880,9665
8881,1358
8882,4184
8883,9293
8884,729
8885,3738
8886,7575
8887,8331
8888,3163
8889,5321
8890,3397
8891,4105
8892,8811
8893,7562
8894,5822
8895,6304
8896,1400
8897,782
8898,5085
8899,7847
8900,6203
8901,2873
8902,5822
8903,3307
8904,7750
8905,2095
8906,7906
8907,3382
8908,5780
8909,70
8910,1921
8911,2853
8912,4994
8913,8812
8914,5888
8915,2839
8916,8411
8917,5714
8918,8827
8919,3096
8920,6668
8921,4038
8922,6320
8923,4858
8924,1477
8925,7121
8926,3120
8927,8372
8928,3530
8929,8185
8930,2465
8931,4021
8932,6511
8933,599
8934,6115
8935,9632
8936,125
8937,3224
8938,9360
8939,5471
8940,849
8941,6944
8942,9729
8943,1987
8944,770
8945,9764
8946,2348
8947,8951
8948,6115
8949,5809
8950,8771
8951,1559
8952,585
8953,3186
8954,8077
8955,111
8956,4988
8957,8209
8958,2097
8959,5147
8960,5290
8961,7263
8962,3398
8963,7938
8964,8949
8965,7325
8966,1325
8967,1946
8968,2363
8969,9028
8970,593
8971,3840
8972,2619
8973,6298
8974,7019
8975,5556
8976,8554
8977,1683
8978,6801
8979,247
8980,7977
8981,4802
8982,2195
8983,3637
8984,8075
8985,5664
8986,2379
8987,1446
8988,1165
8989,3516
8990,3199
8991,5750
8992,5768
8993,3932
8994,5190
8995,4966
8996,1920
8997,7178
8998,7797
8999,4073
9000,2937
9001,2934
9002,1190
9003,3419
9004,6883
9005,953
9006,6742
9007,5282
9008,453
9009,4512
9010,6274
9011,8495
9012,8628
9013,1753
9014,1845
9015,1136
9016,1300
9017,7890
9018,9978
9019,7028
9020,5186
9021,4154
9022,6915
9023,453
9024,3981
9025,2678
9026,6569
9027,3922
9028,668
9029,3266
9030,6133
9031,6422
9032,6368
9033,8056
9034,5969
9035,5713
9036,2424
9037,55
9038,232
9039,1051
9040,981
9041,6718
9042,1597
9043,8518
9044,1055
9045,1366
9046,2803
9047,1625
9048,8089
9049,6129
9050,9308
9051,5236
9052,4868
9053,1402
9054,9627
9055,6161
9056,8720
9057,4389
9058,4780
9059,5263
9060,8047
9061,2263
9062,5792
9063,8008
9064,5390
9065,7435
9066,9644
9067,5163
9068,9740
9069,2149
9070,4386
9071,6889
9072,7012
9073,4827
9074,8259
9075,9446
9076,2213
9077,3449
9078,416
9079,8386
9080,3972
9081,1025
9082,6415
9083,534
9084,6747
9085,2482
9086,745
9087,6902
9088,1820
9089,5308
9090,1192
9091,6768
9092,2543
9093,4644
9094,2050
9095,4978
9096,9200
9097,7188
9098,5363
9099,7915
9100,2343
9101,6911
9102,7205
9103,2097
9104,1680
9105,7946
9106,6906
9107,4483
9108,3118
9109,7835
9110,529
9111,3956
9112,3269
9113,8198
9114,1003
9115,7665
9116,5914
9117,5287
9118,3403
9119,1852
9120,3155
9121,9931
9122,6028
9123,7885
9124,2588
9125,2756
9126,7846
9127,6678
9128,3581
9129,2652
9130,4418
9131,8242
9132,7477
9133,3197
9134,2166
9135,2380
9136,1553
9137,6874
9138,3609
9139,5858
9140,2368
9141,8372
9142,4652
9143,5968
9144,3983
9145,5187
9146,130
9147,6145
9148,9377
9149,7970
9150,7674
9151,673
9152,1459
9153,7949
9154,5818
9155,1638
9156,7666
9157,2801
9158,8870
9159,1861
9160,8319
9161,6917
9162,6328
9163,1858
9164,1919
9165,6150
9166,6335
9167,3885
9168,9905
9169,1687
9170,4816
9171,5266
9172,4276
9173,3579
9174,3133
9175,8714
9176,8446
9177,9551
9178,6682
9179,9260
9180,4798
9181,8178
9182,3199
9183,5560
9184,3292
9185,3346
9186,9953
9187,2006
9188,2148
9189,1825
9190,6592
9191,1604
9192,1683
9193,9424
9194,8241
9195,420
9196,881
9197,767
9198,7797
9199,5135
9200,5362
9201,9889
9202,7416
9203,2952
9204,5645
9205,594
9206,7258
9207,9832
9208,372
9209,8585
9210,3305
9211,1044
9212,1695
9213,8215
9214,712
9215,1732
9216,2705
9217,2449
9218,3887
9219,468
9220,4526
9221,1607
9222,5699
9223,7141
9224,586
9225,5647
9226,7896
9227,2331
9228,4718
9229,8564
9230,426
9231,8965
9232,1270
9233,9614
9234,1021
9235,5466
9236,2162
9237,2874
9238,3812
9239,25
9240,1739
9241,7793
9242,776
9243,7000
9244,6059
9245,9101
9246,936
9247,451
9248,3961
9249,1543
9250,7864
9251,5033
9252,6683
9253,2198
9254,7464
9255,2673
9256,4127
9257,6828
9258,293
9259,1779
9260,592
9261,4399
9262,5162
9263,404
9264,9455
9265,2152
9266,6607
9267,3261
9268,5417
9269,2342
9270,1623
9271,6667
9272,471
9273,8327
9274,9406
9275,9418
9276,4181
9277,1726
9278,4979
9279,9218
9280,4556
9281,2828
9282,5393
9283,9975
9284,2246
9285,6607
9286,1361
9287,4338
9288,8035
9289,8119
9290,8670
9291,1079
9292,3583
9293,8415
9294,9451
9295,866
9296,9650
9297,9591
9298,3879
9299,7209
9300,3728
9301,5499
9302,5079
9303,2234
9304,612
9305,4282
9306,1663
9307,4665
9308,1316
9309,5730
9310,4529
9311,6122
9312,6727
9313,5527
9314,7508
9315,5364
9316,3081
9317,4660
9318,9066
9319,6959
9320,5617
9321,7278
9322,3025
9323,1487
9324,2
9325,8931
9326,7115
9327,9111
9328,5444
9329,7773
9330,8103
9331,9143
9332,9911
9333,2083
9334,9338
9335,1787
9336,662
9337,8560
9338,7194
9339,5473
9340,4619
9341,3643
9342,4162
9343,5669
9344,915
9345,4912
9346,2349
9347,6889
9348,3975
9349,5055
9350,2680
9351,1815
9352,1287
9353,6068
9354,2887
9355,5707
9356,806
9357,6867
9358,2203
9359,3822
9360,9431
9361,7578
9362,148
9363,3151
9364,7538
9365,119
9366,5967
9367,3332
9368,6913
9369,1405
9370,1537
9371,3801
9372,6651
9373,8736
9374,2443
9375,8408
9376,1844
9377,7458
9378,2821
9379,2073
9380,8429
9381,7014
9382,3075
9383,8125
9384,6415
9385,7439
9386,1224
9387,686
9388,9070
9389,5485
9390,6388
9391,7571
9392,2678
9393,5766
9394,3086
9395,6875
9396,3562
9397,6846
9398,6544
9399,9525
9400,3075
9401,2851
9402,3993
9403,2708
9404,8403
9405,1818
9406,6533
9407,8784
9408,9860
9409,4508
9410,9684
9411,1289
9412,4518
9413,8104
9414,3222
9415,6702
9416,835
9417,8120
9418,3683
9419,428
9420,4268
9421,11
9422,2227
9423,1679
9424,5588
9425,7015
9426,8167
9427,8103
9428,6540
9429,4997
9430,9990
9431,9011
9432,9504
9433,7802
9434,5169
9435,1116
9436,6963
9437,8834
9438,2590
9439,9357
9440,2817
9441,990
9442,7588
9443,4759
9444,305
9445,9527
9446,1425
9447,6105
9448,747
9449,860
9450,2956
9451,9352
9452,215
9453,9308
9454,5415
9455,3469
9456,9993
9457,4531
9458,7537
9459,1770
9460,6591
9461,8356
9462,4078
9463,3887
9464,4624
9465,2935
9466,1271
9467,4570
9468,2968
9469,3882
9470,1184
9471,5822
9472,1331
9473,5480
9474,9891
9475,8032
9476,3105
9477,4848
9478,895
9479,7649
9480,7374
9481,7169
9482,4278
9483,9833
9484,2370
9485,4241
9486,7192
9487,6254
9488,8011
9489,2366
9490,2173
9491,6359
9492,870
9493,6319
9494,4118
9495,160
9496,2969
9497,9319
9498,1126
9499,9764
9500,7268
9501,5264
9502,2092
9503,5694
9504,5935
9505,2838
9506,3643
9507,2102
9508,7931
9509,2597
9510,7559
9511,8494
9512,7783
9513,1355
9514,6554
9515,9817
9516,6580
9517,8696
9518,6029
9519,633
9520,8578
9521,1052
9522,6393
9523,613
9524,8253
9525,699
9526,6031
9527,267
9528,8820
9529,2372
9530,1372
9531,261
9532,8401
9533,8084
9534,3641
9535,5493
9536,8724
9537,9463
9538,3750
9539,5104
9540,6059
9541,1116
9542,4034
9543,7431
9544,8459
9545,8138
9546,7588
9547,1142
9548,2991
9549,1337
9550,6517
9551,958
9552,1708
9553,2543
9554,5949
9555,7344
9556,7621
9557,3087
9558,6261
9559,4207
9560,3139
9561,7043
9562,9221
9563,2800
9564,3332
9565,2821
9566,401
9567,2998
9568,7455
9569,569
9570,8206
9571,8278
9572,8635
9573,9666
9574,7511
9575,7392
9576,4464
9577,3576
9578,5579
9579,6816
9580,2480
9581,2898
9582,3359
9583,3165
9584,7952
9585,9226
9586,9890
9587,4834
9588,1787
9589,9820
9590,1777
9591,3647
9592,7931
9593,9559
9594,7442
9595,9539
9596,4785
9597,9212
9598,2709
9599,1389
9600,870
9601,7411
9602,4204
9603,8997
9604,5584
9605,4442
9606,1680
9607,4207
9608,669
9609,6099
9610,9288
9611,8266
9612,7463
9613,1053
9614,2187
9615,8842
9616,6771
9617,6565
9618,8151
9619,5343
9620,8587
9621,1064
9622,9443
9623,5535
9624,4422
9625,8070
9626,6125
9627,7151
9628,8131
9629,3883
9630,2562
9631,4051
9632,5608
9633,2900
9634,6279
9635,2724
9636,6372
9637,7635
9638,2643
9639,6599
9640,4946
9641,1775
9642,1300
9643,8814
9644,464
9645,7536
9646,7765
9647,6935
9648,6816
9649,5443
9650,3954
9651,9841
9652,5776
9653,1181
9654,9226
9655,4846
9656,5049
9657,295
9658,9077
9659,6164
9660,1264
9661,6473
9662,4029
9663,4419
9664,6632
9665,3409
9666,5745
9667,3661
9668,4599
9669,970
9670,5559
9671,6564
9672,3495
9673,8825
9674,6822
9675,3791
9676,804
9677,3949
9678,7335
9679,995
9680,8175
9681,9932
9682,5564
9683,3659
9684,8245
9685,8999
9686,5999
9687,8962
9688,795
9689,3119
9690,5666
9691,2916
9692,9484
9693,2241
9694,5851
9695,2514
9696,8774
9697,820
9698,3693
9699,3445
9700,8649
9701,95
9702,8492
9703,963
9704,2251
9705,1482
9706,1984
9707,2158
9708,1986
9709,8073
9710,5107
9711,2099
9712,8400
9713,4528
9714,9150
9715,5469
9716,3323
9717,3971
9718,4442
9719,276
9720,2867
9721,8590
9722,6236
9723,787
9724,6803
9725,5318
9726,1816
9727,3297
9728,6238
9729,6435
9730,2607
9731,3295
9732,818
9733,1971
9734,7577
9735,3008
9736,3110
9737,1377
9738,8873
9739,6279
9740,2441
9741,1683
9742,5836
9743,2525
9744,652
9745,1584
9746,3852
9747,7614
9748,9533
9749,8734
9750,7625
9751,2294
9752,7412
9753,2682
9754,1492
9755,71
9756,1639
9757,2122
9758,9295
9759,9576
9760,9839
9761,7555
9762,373
9763,300
9764,6764
9765,8436
9766,9612
9767,6976
9768,1108
9769,517
9770,5906
9771,8981
9772,9585
9773,696
9774,5928
9775,1055
9776,892
9777,6636
9778,3470
9779,8410
9780,8513
9781,210
9782,4211
9783,3005
9784,2876
9785,382
9786,8183
9787,8395
9788,9741
9789,2788
9790,5016
9791,4948
9792,6508
9793,4756
9794,5880
9795,4260
9796,7973
9797,4753
9798,7500
9799,6725
9800,2834
9801,109
9802,1183
9803,416
9804,8054
9805,5832
9806,4345
9807,9178
9808,6964
9809,7489
9810,9439
9811,4191
9812,2525
9813,8405
9814,6960
9815,4536
9816,1717
9817,2776
9818,419
9819,6981
9820,1760
9821,6547
9822,3134
9823,4553
9824,4514
9825,1949
9826,8448
9827,2348
9828,4744
9829,3081
9830,8528
9831,7899
9832,7586
9833,6827
9834,7564
9835,1438
9836,1807
9837,3507
9838,2292
9839,8093
9840,1675
9841,6880
9842,1706
9843,529
9844,2690
9845,2250
9846,6945
9847,8201
9848,9352
9849,4797
9850,2583
9851,5590
9852,7479
9853,9565
9854,889
9855,3871
9856,106
9857,2518
9858,5369
9859,8968
9860,2308
9861,2628
9862,6189
9863,2687
9864,1399
9865,5784
9866,15
9867,5104
9868,3487
9869,2406
9870,7091
9871,2653
9872,3201
9873,879
9874,5118
9875,4196
9876,155
9877,2770
9878,4326
9879,7068
9880,6069
9881,6463
9882,5552
9883,4308
9884,8247
9885,5428
9886,6725
9887,5757
9888,3342
9889,105
9890,3136
9891,1599
9892,4428
9893,8451
9894,5569
9895,9600
9896,6108
9897,6844
9898,4595
9899,8590
9900,8155
9901,1042
9902,2114
9903,1030
9904,5554
9905,503
9906,4924
9907,6793
9908,9953
9909,2909
9910,5999
9911,4189
9912,7767
9913,8687
9914,6166
9915,9698
9916,6452
9917,9713
9918,529
9919,2448
9920,8366
9921,9002
9922,24
9923,9486
9924,6030
9925,6143
9926,6128
9927,4535
9928,7236
9929,978
9930,4691
9931,7384
9932,4758
9933,8870
9934,1111
9935,782
9936,6394
9937,5078
9938,5365
9939,6993
9940,4657
9941,223
9942,5633
9943,7758
9944,5024
9945,7714
9946,5439
9947,3449
9948,6033
9949,1821
9950,1797
9951,6472
9952,7532
9953,3783
9954,1623
9955,1217
9956,7919
9957,6504
9958,9050
9959,3128
9960,8595
9961,8613
9962,1631
9963,1796
9964,2545
9965,9103
9966,111
9967,2365
9968,1986
9969,8247
9970,1109
9971,166
9972,3278
9973,5616
9974,6376
9975,8123
9976,8826
9977,1342
9978,6452
9979,6437
9980,8329
9981,5381
9982,4886
9983,967
9984,3841
9985,1233
9986,1787
9987,1525
9988,2230
9989,8272
9990,7757
9991,7516
9992,9785
9993,2527
9994,166
9995,5248
9996,6325
9997,2403
9998,497
9999,5216
