0, 63, 50, 36
1, 69, 12, 15
2, 35, 83, 86
3, 68, 92, 100
4, 67, 16, 100
5, 34, 29, 22
6, 0, 92, 13
7, 42, 56, 13
8, 49, 38, 67
9, 2, 9, 19
10, 90, 21, 19
11, 59, 1, 94
12, 90, 44, 16
13, 8, 6, 13
14, 47, 18, 27
15, 79, 35, 45
16, 90, 85, 74
17, 44, 77, 41
18, 8, 98, 59
19, 35, 72, 93
20, 0, 15, 70
21, 22, 98, 74
22, 75, 57, 8
23, 36, 40, 75
24, 51, 42, 79
25, 89, 70, 61
26, 82, 30, 74
27, 57, 36, 68
28, 35, 91, 57
29, 22, 98, 26
30, 52, 22, 34
31, 76, 91, 48
32, 21, 7, 37
33, 59, 91, 95
34, 75, 44, 4
35, 19, 35, 99
36, 5, 4, 45
37, 62, 68, 5
38, 87, 62, 84
39, 33, 46, 74
40, 30, 36, 64
41, 2, 96, 9
42, 4, 81, 35
43, 45, 79, 94
44, 73, 45, 81
45, 77, 58, 64
46, 43, 31, 42
47, 36, 94, 71
48, 41, 85, 69
49, 15, 12, 69
50, 48, 23, 36
51, 71, 97, 72
52, 18, 91, 4
53, 93, 36, 27
54, 73, 74, 40
55, 75, 42, 33
56, 1, 39, 41
57, 11, 2, 84
58, 27, 40, 76
59, 0, 86, 8
60, 67, 36, 88
61, 53, 4, 16
62, 71, 34, 23
63, 15, 56, 60
64, 33, 69, 47
65, 55, 43, 21
66, 70, 25, 63
67, 66, 1, 41
68, 25, 93, 21
69, 42, 43, 5
70, 20, 97, 50
71, 56, 43, 8
72, 36, 87, 41
73, 42, 20, 58
74, 49, 39, 31
75, 28, 76, 42
76, 31, 15, 18
77, 34, 57, 4
78, 25, 3, 23
79, 63, 54, 62
80, 26, 51, 16
81, 2, 20, 68
82, 32, 59, 93
83, 23, 30, 35
84, 38, 55, 77
85, 43, 72, 47
86, 63, 91, 79
87, 14, 53, 71
88, 92, 61, 65
89, 61, 54, 6
90, 60, 57, 61
91, 50, 78, 88
92, 8, 7, 85
93, 17, 47, 37
94, 5, 91, 37
95, 63, 86, 32
96, 38, 40, 53
97, 8, 59, 45
98, 89, 49, 76
99, 94, 83, 62
100, 2, 35, 31
101, 94, 34, 90
102, 62, 92, 35
103, 70, 82, 75
104, 50, 60, 34
105, 67, 14, 81
106, 8, 22, 41
107, 89, 47, 35
108, 33, 89, 21
109, 23, 53, 5
110, 72, 12, 29
111, 32, 26, 93
112, 24, 75, 92
113, 47, 52, 24
114, 49, 89, 59
115, 69, 21, 11
116, 49, 97, 52
117, 35, 4, 59
118, 75, 0, 18
119, 20, 44, 62
120, 44, 34, 0
121, 47, 65, 22
122, 8, 83, 72
123, 64, 46, 81
124, 92, 82, 10
125, 39, 67, 73
126, 50, 52, 28
127, 66, 44, 24
128, 44, 32, 32
129, 83, 96, 9
130, 2, 79, 9
131, 4, 87, 5
132, 58, 72, 25
133, 43, 75, 27
134, 57, 78, 59
135, 17, 95, 34
136, 9, 92, 78
137, 87, 2, 91
138, 52, 35, 49
139, 16, 66, 8
140, 30, 71, 91
141, 36, 36, 13
142, 44, 38, 95
143, 54, 92, 92
144, 60, 51, 71
145, 49, 34, 79
146, 63, 79, 92
147, 21, 45, 5
148, 77, 35, 25
149, 91, 23, 76
150, 18, 4, 44
151, 34, 63, 77
152, 23, 38, 68
153, 16, 60, 57
154, 54, 88, 88
155, 29, 28, 22
156, 12, 25, 33
157, 50, 19, 23
158, 94, 2, 26
159, 21, 35, 40
160, 62, 96, 77
161, 30, 87, 48
162, 85, 20, 56
163, 21, 74, 4
164, 33, 84, 55
165, 79, 84, 63
166, 75, 98, 86
167, 75, 49, 21
168, 91, 91, 79
169, 60, 85, 74
170, 76, 50, 17
171, 69, 26, 13
172, 46, 26, 23
173, 69, 13, 96
174, 48, 91, 50
175, 24, 87, 100
176, 99, 19, 8
177, 30, 13, 72
178, 61, 19, 0
179, 84, 31, 76
180, 77, 5, 7
181, 50, 36, 41
182, 77, 45, 86
183, 20, 100, 21
184, 78, 57, 73
185, 24, 61, 10
186, 71, 96, 97
187, 39, 24, 83
188, 62, 52, 44
189, 61, 72, 7
190, 44, 6, 5
191, 35, 4, 44
192, 57, 61, 18
193, 37, 96, 51
194, 78, 3, 88
195, 39, 80, 46
196, 79, 19, 82
197, 45, 58, 5
198, 55, 0, 88
199, 32, 60, 0
200, 75, 90, 19
201, 64, 42, 77
202, 81, 99, 93
203, 26, 41, 57
204, 48, 0, 51
205, 85, 24, 70
206, 31, 12, 28
207, 50, 93, 63
208, 85, 45, 2
209, 51, 87, 49
210, 73, 36, 23
211, 44, 54, 34
212, 35, 49, 7
213, 80, 87, 23
214, 19, 37, 16
215, 70, 89, 28
216, 33, 76, 3
217, 70, 40, 80
218, 21, 50, 70
219, 25, 4, 74
220, 24, 82, 10
221, 57, 54, 31
222, 69, 67, 82
223, 88, 55, 71
224, 93, 54, 31
225, 88, 71, 30
226, 39, 6, 17
227, 52, 43, 38
228, 79, 15, 26
229, 69, 6, 64
230, 43, 68, 80
231, 67, 80, 68
232, 81, 36, 65
233, 30, 11, 51
234, 56, 25, 89
235, 53, 14, 10
236, 34, 57, 93
237, 82, 50, 8
238, 33, 9, 97
239, 89, 80, 70
240, 13, 55, 93
241, 27, 6, 67
242, 18, 15, 75
243, 17, 6, 25
244, 24, 99, 52
245, 80, 19, 6
246, 58, 88, 19
247, 74, 43, 53
248, 64, 35, 96
249, 73, 14, 58
250, 23, 49, 31
251, 46, 12, 18
252, 63, 84, 55
253, 57, 59, 53
254, 81, 96, 75
255, 12, 67, 82
256, 2, 16, 26
257, 77, 7, 89
258, 96, 45, 73
259, 65, 22, 6
260, 77, 60, 66
261, 34, 58, 15
262, 66, 31, 50
263, 70, 68, 80
264, 77, 43, 47
265, 60, 29, 11
266, 78, 48, 14
267, 28, 7, 5
268, 86, 3, 22
269, 47, 92, 29
270, 92, 17, 6
271, 89, 50, 100
272, 24, 88, 63
273, 14, 4, 88
274, 14, 94, 35
275, 56, 66, 49
276, 98, 65, 82
277, 65, 47, 6
278, 87, 27, 0
279, 0, 100, 77
280, 83, 72, 8
281, 63, 59, 81
282, 77, 38, 75
283, 16, 65, 94
284, 0, 76, 22
285, 76, 28, 16
286, 92, 65, 81
287, 15, 29, 96
288, 74, 7, 19
289, 65, 28, 97
290, 54, 24, 40
291, 8, 33, 18
292, 14, 19, 62
293, 61, 2, 73
294, 52, 41, 65
295, 68, 45, 51
296, 24, 21, 93
297, 43, 98, 34
298, 59, 39, 46
299, 27, 2, 37
300, 29, 77, 74
301, 35, 51, 58
302, 83, 23, 2
303, 35, 35, 68
304, 49, 44, 98
305, 69, 2, 47
306, 95, 90, 45
307, 51, 97, 83
308, 59, 37, 49
309, 54, 73, 38
310, 66, 68, 22
311, 25, 80, 89
312, 60, 14, 83
313, 71, 49, 21
314, 16, 17, 30
315, 11, 64, 79
316, 80, 10, 32
317, 82, 37, 49
318, 80, 99, 51
319, 38, 71, 54
320, 90, 36, 50
321, 0, 19, 17
322, 81, 82, 96
323, 63, 77, 79
324, 29, 51, 2
325, 81, 35, 90
326, 60, 4, 42
327, 30, 98, 3
328, 28, 40, 95
329, 90, 51, 14
330, 48, 6, 3
331, 2, 97, 57
332, 44, 41, 66
333, 71, 35, 59
334, 35, 15, 64
335, 59, 78, 37
336, 95, 57, 0
337, 19, 64, 94
338, 80, 88, 16
339, 7, 6, 11
340, 42, 51, 22
341, 18, 20, 5
342, 88, 49, 48
343, 98, 72, 20
344, 38, 64, 37
345, 9, 76, 57
346, 76, 69, 5
347, 12, 70, 24
348, 79, 82, 46
349, 28, 43, 6
350, 16, 28, 1
351, 70, 36, 40
352, 1, 41, 98
353, 82, 49, 91
354, 23, 84, 52
355, 27, 30, 100
356, 25, 75, 89
357, 20, 3, 91
358, 77, 90, 4
359, 56, 65, 55
360, 52, 96, 64
361, 81, 9, 8
362, 58, 98, 65
363, 29, 8, 98
364, 61, 13, 17
365, 43, 2, 86
366, 40, 26, 9
367, 94, 60, 89
368, 78, 68, 41
369, 37, 94, 62
370, 37, 78, 21
371, 73, 66, 8
372, 5, 42, 6
373, 69, 96, 41
374, 60, 90, 16
375, 4, 30, 71
376, 25, 98, 4
377, 22, 66, 25
378, 42, 85, 16
379, 69, 10, 39
380, 28, 51, 79
381, 61, 84, 72
382, 10, 50, 99
383, 20, 98, 21
384, 32, 12, 37
385, 84, 12, 26
386, 48, 58, 20
387, 43, 92, 33
388, 78, 82, 78
389, 83, 0, 70
390, 38, 42, 96
391, 62, 42, 51
392, 16, 84, 82
393, 76, 3, 87
394, 81, 13, 85
395, 14, 8, 83
396, 34, 46, 95
397, 12, 87, 83
398, 49, 3, 47
399, 11, 14, 92
400, 1, 58, 83
401, 61, 77, 13
402, 0, 85, 12
403, 98, 23, 55
404, 38, 2, 58
405, 61, 8, 46
406, 20, 79, 68
407, 28, 81, 69
408, 24, 86, 60
409, 68, 64, 64
410, 9, 43, 46
411, 93, 44, 70
412, 55, 52, 38
413, 58, 38, 88
414, 85, 70, 60
415, 89, 46, 69
416, 63, 13, 82
417, 75, 62, 32
418, 66, 20, 19
419, 30, 61, 43
420, 2, 63, 2
421, 25, 100, 83
422, 46, 73, 25
423, 28, 48, 71
424, 59, 61, 65
425, 49, 16, 15
426, 47, 73, 53
427, 63, 44, 54
428, 96, 72, 52
429, 51, 72, 3
430, 40, 54, 28
431, 37, 26, 28
432, 52, 75, 74
433, 29, 30, 30
434, 52, 84, 70
435, 100, 59, 47
436, 52, 77, 95
437, 84, 26, 1
438, 59, 94, 62
439, 76, 37, 64
440, 37, 2, 27
441, 28, 2, 53
442, 67, 97, 2
443, 49, 76, 51
444, 27, 73, 2
445, 35, 99, 86
446, 8, 33, 63
447, 16, 65, 1
448, 39, 13, 2
449, 5, 21, 89
450, 73, 14, 31
451, 35, 59, 6
452, 45, 61, 43
453, 53, 21, 67
454, 80, 5, 44
455, 36, 2, 14
456, 38, 96, 18
457, 8, 0, 58
458, 87, 84, 46
459, 59, 7, 57
460, 49, 78, 16
461, 83, 79, 25
462, 69, 15, 68
463, 59, 84, 37
464, 83, 54, 25
465, 72, 67, 5
466, 88, 100, 77
467, 92, 34, 72
468, 80, 15, 13
469, 8, 55, 90
470, 33, 67, 5
471, 72, 99, 3
472, 91, 86, 43
473, 41, 61, 41
474, 66, 47, 93
475, 99, 96, 34
476, 87, 35, 67
477, 61, 77, 4
478, 18, 82, 45
479, 28, 18, 10
480, 77, 37, 27
481, 77, 51, 2
482, 75, 11, 79
483, 77, 50, 37
484, 45, 57, 52
485, 32, 95, 69
486, 44, 6, 28
487, 43, 76, 97
488, 80, 98, 96
489, 95, 44, 19
490, 8, 2, 16
491, 10, 77, 35
492, 38, 61, 100
493, 83, 69, 43
494, 6, 88, 87
495, 28, 100, 93
496, 3, 30, 0
497, 61, 6, 26
498, 16, 4, 7
499, 20, 30, 44
500, 20, 89, 90
501, 61, 20, 19
502, 56, 67, 73
503, 15, 38, 3
504, 76, 82, 99
505, 16, 13, 12
506, 19, 87, 59
507, 76, 73, 7
508, 90, 80, 87
509, 76, 74, 60
510, 69, 97, 55
511, 95, 47, 14
512, 43, 19, 49
513, 45, 50, 1
514, 61, 60, 20
515, 53, 89, 39
516, 85, 100, 77
517, 79, 59, 84
518, 80, 43, 66
519, 63, 34, 58
520, 75, 54, 32
521, 48, 95, 82
522, 8, 30, 76
523, 60, 36, 23
524, 67, 22, 87
525, 26, 78, 63
526, 49, 8, 18
527, 20, 90, 31
528, 13, 33, 76
529, 11, 12, 65
530, 54, 67, 5
531, 37, 100, 22
532, 17, 33, 100
533, 29, 57, 63
534, 80, 10, 1
535, 40, 13, 14
536, 0, 13, 24
537, 65, 87, 11
538, 33, 33, 16
539, 24, 22, 9
540, 82, 86, 16
541, 24, 62, 45
542, 17, 37, 5
543, 75, 81, 26
544, 64, 70, 23
545, 12, 10, 77
546, 27, 16, 38
547, 9, 59, 2
548, 46, 77, 52
549, 6, 17, 49
550, 26, 80, 63
551, 94, 54, 90
552, 53, 57, 68
553, 55, 74, 21
554, 51, 23, 83
555, 12, 51, 83
556, 75, 90, 35
557, 3, 55, 91
558, 94, 69, 49
559, 40, 68, 32
560, 59, 10, 22
561, 49, 59, 10
562, 86, 90, 52
563, 39, 39, 90
564, 75, 72, 92
565, 9, 94, 33
566, 75, 57, 72
567, 27, 87, 56
568, 60, 0, 59
569, 64, 85, 81
570, 76, 66, 71
571, 28, 60, 66
572, 78, 14, 30
573, 64, 20, 81
574, 42, 46, 31
575, 45, 44, 0
576, 82, 40, 37
577, 84, 0, 19
578, 92, 93, 23
579, 61, 3, 46
580, 80, 34, 89
581, 21, 22, 24
582, 82, 54, 45
583, 82, 43, 72
584, 41, 53, 91
585, 80, 23, 83
586, 100, 79, 36
587, 68, 96, 2
588, 26, 73, 53
589, 69, 11, 56
590, 31, 97, 92
591, 53, 74, 9
592, 21, 59, 62
593, 76, 40, 98
594, 4, 80, 18
595, 95, 75, 72
596, 31, 99, 51
597, 48, 89, 69
598, 84, 71, 13
599, 80, 6, 43
600, 0, 66, 18
601, 19, 57, 25
602, 42, 26, 38
603, 44, 19, 24
604, 81, 41, 87
605, 29, 86, 36
606, 55, 65, 30
607, 6, 68, 89
608, 31, 15, 88
609, 70, 56, 28
610, 52, 85, 39
611, 89, 85, 50
612, 71, 47, 29
613, 97, 58, 46
614, 48, 68, 89
615, 70, 77, 9
616, 25, 4, 6
617, 46, 41, 98
618, 52, 31, 54
619, 26, 23, 60
620, 99, 58, 13
621, 6, 65, 2
622, 29, 65, 75
623, 85, 85, 78
624, 39, 21, 94
625, 86, 15, 37
626, 86, 38, 4
627, 40, 3, 69
628, 18, 50, 23
629, 13, 98, 72
630, 57, 70, 68
631, 75, 34, 28
632, 54, 77, 43
633, 7, 40, 38
634, 99, 85, 80
635, 48, 86, 56
636, 12, 94, 24
637, 24, 18, 0
638, 32, 7, 25
639, 28, 18, 93
640, 70, 41, 6
641, 8, 58, 83
642, 15, 55, 18
643, 59, 34, 35
644, 73, 46, 64
645, 99, 85, 79
646, 25, 58, 100
647, 23, 42, 60
648, 77, 24, 23
649, 57, 79, 45
650, 32, 46, 3
651, 46, 13, 2
652, 9, 77, 29
653, 97, 26, 94
654, 70, 2, 90
655, 74, 99, 26
656, 29, 91, 88
657, 37, 85, 40
658, 86, 26, 31
659, 29, 96, 78
660, 17, 90, 37
661, 64, 43, 6
662, 34, 93, 65
663, 96, 42, 71
664, 16, 75, 93
665, 71, 94, 42
666, 62, 47, 67
667, 58, 12, 65
668, 55, 100, 99
669, 94, 43, 30
670, 41, 6, 24
671, 52, 30, 37
672, 97, 57, 88
673, 11, 63, 36
674, 25, 80, 94
675, 63, 33, 39
676, 72, 18, 22
677, 51, 33, 79
678, 53, 38, 72
679, 17, 33, 55
680, 3, 16, 8
681, 59, 25, 68
682, 99, 47, 13
683, 96, 80, 83
684, 75, 29, 99
685, 70, 22, 44
686, 94, 36, 26
687, 7, 73, 56
688, 88, 34, 15
689, 81, 75, 78
690, 37, 77, 14
691, 65, 46, 45
692, 61, 71, 26
693, 72, 72, 0
694, 61, 7, 100
695, 41, 97, 76
696, 95, 53, 79
697, 48, 93, 46
698, 25, 89, 47
699, 37, 21, 96
700, 53, 29, 29
701, 68, 28, 92
702, 28, 69, 79
703, 83, 34, 46
704, 10, 85, 31
705, 72, 3, 84
706, 28, 15, 41
707, 50, 81, 51
708, 6, 83, 94
709, 88, 82, 34
710, 81, 94, 68
711, 80, 87, 69
712, 3, 32, 22
713, 64, 22, 36
714, 72, 67, 36
715, 96, 47, 10
716, 5, 17, 1
717, 90, 55, 63
718, 33, 88, 97
719, 60, 30, 67
720, 94, 9, 7
721, 19, 76, 57
722, 31, 22, 30
723, 94, 1, 65
724, 18, 23, 30
725, 50, 47, 37
726, 63, 81, 88
727, 51, 43, 7
728, 79, 64, 64
729, 63, 22, 75
730, 12, 79, 26
731, 98, 49, 86
732, 11, 51, 48
733, 25, 96, 52
734, 59, 32, 96
735, 87, 16, 52
736, 37, 10, 20
737, 60, 54, 17
738, 8, 36, 14
739, 23, 64, 50
740, 81, 17, 52
741, 81, 28, 52
742, 66, 70, 71
743, 76, 67, 83
744, 15, 79, 19
745, 46, 47, 82
746, 86, 35, 2
747, 48, 32, 76
748, 98, 2, 37
749, 64, 69, 27
750, 81, 85, 17
751, 3, 99, 91
752, 25, 21, 69
753, 64, 83, 68
754, 13, 39, 76
755, 0, 54, 82
756, 8, 44, 35
757, 86, 25, 41
758, 27, 5, 17
759, 48, 5, 32
760, 38, 24, 60
761, 97, 20, 33
762, 69, 68, 90
763, 22, 34, 63
764, 49, 0, 98
765, 95, 67, 33
766, 82, 13, 40
767, 41, 84, 29
768, 34, 100, 18
769, 20, 15, 87
770, 24, 60, 8
771, 58, 37, 94
772, 95, 13, 97
773, 0, 15, 57
774, 0, 53, 33
775, 70, 11, 29
776, 65, 78, 56
777, 95, 1, 30
778, 50, 90, 74
779, 98, 33, 27
780, 13, 92, 61
781, 65, 45, 59
782, 81, 91, 43
783, 26, 16, 0
784, 92, 28, 79
785, 58, 27, 87
786, 82, 7, 17
787, 82, 91, 32
788, 100, 69, 57
789, 56, 77, 45
790, 17, 60, 86
791, 92, 95, 89
792, 65, 75, 78
793, 59, 32, 1
794, 82, 21, 89
795, 7, 24, 13
796, 72, 12, 93
797, 40, 74, 79
798, 77, 44, 88
799, 75, 59, 52
800, 63, 90, 97
801, 47, 29, 99
802, 69, 41, 2
803, 66, 34, 75
804, 23, 32, 23
805, 40, 89, 53
806, 51, 4, 8
807, 99, 11, 17
808, 98, 56, 27
809, 100, 89, 24
810, 35, 33, 99
811, 29, 18, 78
812, 56, 86, 10
813, 1, 60, 55
814, 49, 87, 26
815, 15, 78, 3
816, 35, 53, 96
817, 62, 9, 3
818, 42, 37, 19
819, 27, 77, 3
820, 25, 53, 13
821, 15, 6, 25
822, 66, 90, 40
823, 81, 25, 79
824, 4, 26, 61
825, 61, 88, 90
826, 69, 14, 20
827, 66, 83, 25
828, 83, 82, 69
829, 64, 89, 35
830, 60, 93, 70
831, 71, 85, 34
832, 78, 95, 3
833, 7, 65, 87
834, 62, 86, 46
835, 99, 46, 56
836, 83, 58, 3
837, 39, 68, 4
838, 3, 55, 49
839, 86, 73, 10
840, 51, 84, 45
841, 91, 73, 18
842, 92, 62, 71
843, 38, 61, 73
844, 66, 9, 45
845, 19, 74, 72
846, 54, 48, 20
847, 2, 12, 48
848, 49, 49, 69
849, 70, 15, 33
850, 94, 17, 66
851, 71, 45, 62
852, 76, 42, 44
853, 82, 27, 56
854, 91, 65, 45
855, 54, 81, 67
856, 68, 47, 61
857, 78, 89, 11
858, 70, 21, 19
859, 23, 80, 19
860, 44, 74, 85
861, 65, 14, 51
862, 36, 55, 22
863, 25, 92, 92
864, 96, 38, 7
865, 24, 19, 28
866, 18, 64, 28
867, 4, 45, 90
868, 23, 88, 100
869, 99, 75, 25
870, 10, 70, 27
871, 29, 100, 92
872, 76, 47, 85
873, 7, 68, 21
874, 12, 58, 85
875, 68, 61, 87
876, 90, 68, 58
877, 5, 27, 88
878, 24, 26, 52
879, 97, 72, 89
880, 53, 14, 40
881, 50, 6, 10
882, 24, 74, 36
883, 11, 58, 8
884, 70, 98, 79
885, 96, 5, 64
886, 15, 50, 80
887, 75, 56, 48
888, 76, 96, 64
889, 89, 7, 8
890, 66, 84, 76
891, 74, 87, 9
892, 99, 34, 86
893, 52, 87, 19
894, 6, 7, 53
895, 30, 2, 96
896, 89, 69, 70
897, 90, 41, 73
898, 96, 97, 6
899, 100, 10, 21
900, 59, 22, 59
901, 99, 19, 12
902, 3, 99, 99
903, 8, 15, 100
904, 76, 0, 28
905, 8, 73, 17
906, 47, 27, 49
907, 45, 7, 62
908, 7, 76, 5
909, 65, 72, 47
910, 7, 45, 26
911, 46, 18, 5
912, 2, 74, 84
913, 57, 15, 77
914, 77, 6, 93
915, 5, 12, 79
916, 78, 78, 94
917, 69, 24, 70
918, 73, 60, 46
919, 29, 60, 51
920, 32, 3, 73
921, 12, 20, 25
922, 99, 8, 92
923, 52, 53, 3
924, 75, 25, 51
925, 34, 72, 18
926, 94, 45, 3
927, 42, 25, 50
928, 24, 29, 15
929, 82, 44, 0
930, 83, 58, 81
931, 24, 54, 57
932, 5, 82, 17
933, 1, 28, 44
934, 12, 15, 84
935, 57, 24, 83
936, 21, 36, 98
937, 8, 72, 39
938, 18, 60, 64
939, 83, 32, 93
940, 96, 99, 34
941, 82, 54, 34
942, 4, 29, 14
943, 17, 91, 63
944, 4, 26, 17
945, 66, 64, 45
946, 86, 97, 3
947, 42, 18, 73
948, 36, 26, 66
949, 15, 84, 90
950, 46, 33, 16
951, 19, 77, 20
952, 21, 49, 44
953, 69, 72, 13
954, 17, 81, 42
955, 41, 92, 53
956, 77, 4, 37
957, 86, 33, 94
958, 41, 2, 43
959, 56, 67, 25
960, 44, 91, 44
961, 96, 81, 5
962, 15, 93, 50
963, 96, 29, 95
964, 77, 68, 34
965, 94, 52, 19
966, 5, 45, 76
967, 32, 74, 93
968, 84, 17, 8
969, 43, 78, 9
970, 63, 41, 15
971, 41, 45, 11
972, 96, 38, 66
973, 50, 16, 70
974, 10, 43, 12
975, 42, 12, 29
976, 95, 22, 85
977, 87, 25, 70
978, 81, 99, 84
979, 19, 14, 94
980, 20, 79, 25
981, 56, 94, 62
982, 57, 53, 12
983, 16, 62, 80
984, 48, 71, 88
985, 80, 5, 2
986, 82, 23, 37
987, 7, 63, 23
988, 1, 52, 35
989, 7, 37, 33
990, 35, 2, 20
991, 81, 21, 75
992, 72, 88, 7
993, 3, 57, 71
994, 5, 46, 1
995, 43, 65, 62
996, 78, 16, 67
997, 57, 33, 56
998, 43, 38, 62
999, 0, 90, 34
1000, 49, 88, 89
1001, 75, 86, 70
1002, 67, 37, 97
1003, 73, 14, 81
1004, 67, 12, 8
1005, 14, 57, 86
1006, 12, 31, 72
1007, 3, 86, 58
1008, 93, 62, 83
1009, 93, 26, 2
1010, 72, 84, 39
1011, 60, 9, 24
1012, 76, 34, 3
1013, 19, 58, 68
1014, 66, 64, 74
1015, 46, 81, 16
1016, 11, 98, 56
1017, 53, 48, 16
1018, 97, 61, 63
1019, 48, 86, 66
1020, 27, 82, 42
1021, 61, 31, 23
1022, 57, 46, 6
1023, 57, 68, 30
1024, 34, 57, 1
1025, 1, 48, 74
1026, 37, 24, 0
1027, 6, 56, 41
1028, 5, 64, 52
1029, 67, 45, 55
1030, 50, 79, 2
1031, 36, 10, 33
1032, 41, 57, 22
1033, 96, 46, 95
1034, 39, 29, 7
1035, 40, 2, 53
1036, 74, 56, 1
1037, 9, 12, 7
1038, 57, 42, 19
1039, 75, 2, 5
1040, 25, 16, 2
1041, 50, 87, 32
1042, 2, 20, 29
1043, 97, 81, 59
1044, 68, 81, 8
1045, 87, 55, 60
1046, 34, 14, 69
1047, 38, 4, 31
1048, 40, 46, 97
1049, 45, 88, 35
1050, 93, 41, 28
1051, 51, 82, 84
1052, 3, 32, 0
1053, 86, 91, 7
1054, 34, 95, 8
1055, 43, 37, 27
1056, 80, 89, 28
1057, 94, 56, 28
1058, 48, 14, 49
1059, 45, 59, 60
1060, 83, 71, 0
1061, 29, 97, 69
1062, 59, 92, 13
1063, 58, 58, 74
1064, 44, 62, 77
1065, 83, 19, 24
1066, 66, 8, 0
1067, 73, 87, 44
1068, 49, 22, 10
1069, 16, 32, 8
1070, 11, 38, 96
1071, 11, 0, 54
1072, 29, 53, 93
1073, 26, 50, 41
1074, 12, 94, 44
1075, 81, 91, 69
1076, 44, 1, 13
1077, 70, 89, 10
1078, 15, 90, 16
1079, 91, 12, 19
1080, 21, 16, 88
1081, 94, 9, 48
1082, 50, 50, 34
1083, 70, 51, 81
1084, 50, 63, 100
1085, 74, 73, 74
1086, 62, 78, 18
1087, 91, 84, 98
1088, 4, 33, 78
1089, 16, 69, 7
1090, 76, 7, 29
1091, 8, 83, 74
1092, 8, 50, 82
1093, 49, 86, 34
1094, 92, 90, 98
1095, 59, 75, 9
1096, 27, 68, 84
1097, 5, 16, 96
1098, 55, 71, 85
1099, 35, 72, 4
1100, 83, 67, 87
1101, 48, 29, 39
1102, 7, 66, 75
1103, 13, 39, 32
1104, 26, 52, 8
1105, 97, 44, 81
1106, 45, 12, 26
1107, 34, 56, 21
1108, 30, 71, 7
1109, 61, 67, 95
1110, 73, 65, 52
1111, 4, 92, 53
1112, 67, 5, 54
1113, 26, 1, 45
1114, 56, 90, 87
1115, 31, 72, 91
1116, 85, 51, 92
1117, 94, 59, 53
1118, 29, 90, 23
1119, 23, 39, 13
1120, 34, 45, 21
1121, 5, 23, 28
1122, 28, 65, 56
1123, 72, 55, 53
1124, 32, 22, 21
1125, 97, 0, 85
1126, 39, 2, 85
1127, 13, 0, 8
1128, 29, 63, 100
1129, 47, 62, 10
1130, 67, 86, 68
1131, 19, 48, 79
1132, 30, 77, 12
1133, 45, 100, 3
1134, 58, 37, 18
1135, 8, 69, 39
1136, 7, 24, 82
1137, 36, 50, 21
1138, 20, 67, 51
1139, 84, 9, 80
1140, 48, 67, 56
1141, 97, 88, 33
1142, 26, 81, 77
1143, 6, 67, 90
1144, 3, 95, 4
1145, 50, 94, 18
1146, 11, 38, 47
1147, 37, 100, 20
1148, 79, 3, 79
1149, 48, 69, 79
1150, 23, 4, 71
1151, 8, 99, 63
1152, 100, 53, 99
1153, 57, 26, 50
1154, 40, 72, 39
1155, 27, 88, 43
1156, 46, 89, 98
1157, 46, 29, 95
1158, 86, 67, 59
1159, 24, 48, 27
1160, 11, 61, 25
1161, 12, 9, 43
1162, 73, 86, 84
1163, 30, 37, 85
1164, 62, 88, 36
1165, 11, 72, 86
1166, 6, 76, 65
1167, 14, 85, 0
1168, 28, 10, 52
1169, 40, 19, 81
1170, 98, 57, 24
1171, 74, 47, 54
1172, 72, 82, 60
1173, 62, 24, 91
1174, 81, 74, 65
1175, 32, 73, 19
1176, 79, 65, 21
1177, 98, 39, 6
1178, 41, 31, 48
1179, 63, 65, 68
1180, 71, 39, 80
1181, 69, 76, 81
1182, 22, 12, 92
1183, 53, 70, 32
1184, 83, 52, 98
1185, 99, 75, 24
1186, 34, 62, 18
1187, 12, 77, 56
1188, 55, 68, 41
1189, 54, 56, 54
1190, 17, 94, 31
1191, 32, 75, 90
1192, 64, 62, 61
1193, 68, 84, 9
1194, 2, 36, 92
1195, 61, 65, 30
1196, 28, 72, 83
1197, 70, 69, 17
1198, 8, 93, 22
1199, 16, 60, 13
1200, 36, 47, 55
1201, 14, 81, 91
1202, 27, 94, 41
1203, 54, 50, 89
1204, 73, 99, 49
1205, 28, 66, 16
1206, 95, 69, 30
1207, 45, 20, 10
1208, 68, 68, 29
1209, 79, 26, 25
1210, 0, 3, 8
1211, 55, 80, 88
1212, 1, 38, 97
1213, 80, 84, 25
1214, 72, 78, 42
1215, 36, 10, 92
1216, 79, 47, 23
1217, 98, 62, 83
1218, 90, 68, 12
1219, 100, 36, 100
1220, 32, 94, 64
1221, 95, 13, 50
1222, 84, 97, 69
1223, 89, 97, 81
1224, 87, 33, 81
1225, 15, 22, 3
1226, 45, 40, 38
1227, 50, 36, 67
1228, 35, 10, 34
1229, 58, 3, 1
1230, 86, 4, 67
1231, 97, 51, 93
1232, 52, 36, 90
1233, 15, 100, 16
1234, 99, 67, 30
1235, 45, 76, 11
1236, 76, 64, 73
1237, 78, 44, 18
1238, 57, 19, 44
1239, 29, 25, 45
1240, 18, 47, 94
1241, 38, 75, 32
1242, 13, 18, 38
1243, 49, 8, 59
1244, 28, 23, 71
1245, 45, 90, 15
1246, 4, 14, 55
1247, 25, 54, 95
1248, 61, 89, 68
1249, 80, 13, 66
1250, 10, 99, 100
1251, 77, 81, 44
1252, 44, 39, 28
1253, 53, 28, 29
1254, 42, 42, 30
1255, 79, 65, 80
1256, 38, 15, 94
1257, 19, 50, 41
1258, 45, 0, 4
1259, 82, 20, 40
1260, 39, 69, 45
1261, 80, 67, 100
1262, 34, 87, 35
1263, 53, 30, 59
1264, 20, 22, 45
1265, 62, 38, 39
1266, 62, 54, 16
1267, 12, 25, 43
1268, 16, 37, 23
1269, 76, 95, 26
1270, 4, 45, 62
1271, 12, 3, 11
1272, 2, 35, 9
1273, 45, 44, 75
1274, 38, 32, 100
1275, 39, 68, 95
1276, 65, 98, 86
1277, 83, 76, 97
1278, 43, 71, 66
1279, 50, 65, 44
1280, 69, 95, 100
1281, 80, 60, 67
1282, 70, 42, 52
1283, 5, 49, 36
1284, 51, 6, 99
1285, 9, 58, 54
1286, 68, 79, 77
1287, 15, 73, 9
1288, 90, 65, 98
1289, 97, 58, 38
1290, 86, 24, 64
1291, 31, 27, 34
1292, 43, 4, 97
1293, 3, 7, 93
1294, 65, 82, 74
1295, 49, 86, 70
1296, 77, 29, 6
1297, 2, 50, 51
1298, 25, 98, 32
1299, 81, 98, 13
1300, 13, 83, 11
1301, 89, 51, 73
1302, 67, 17, 50
1303, 95, 91, 26
1304, 81, 75, 75
1305, 57, 7, 71
1306, 62, 73, 53
1307, 97, 65, 79
1308, 44, 80, 69
1309, 27, 43, 90
1310, 61, 79, 24
1311, 93, 66, 73
1312, 12, 38, 66
1313, 1, 17, 87
1314, 7, 14, 58
1315, 65, 28, 72
1316, 74, 98, 12
1317, 56, 0, 97
1318, 36, 97, 48
1319, 57, 84, 2
1320, 82, 81, 14
1321, 55, 12, 20
1322, 71, 31, 96
1323, 92, 55, 0
1324, 11, 34, 88
1325, 18, 50, 66
1326, 28, 22, 37
1327, 16, 59, 52
1328, 68, 21, 63
1329, 60, 73, 70
1330, 42, 67, 53
1331, 67, 73, 69
1332, 24, 39, 56
1333, 1, 55, 58
1334, 56, 79, 34
1335, 76, 40, 77
1336, 63, 95, 33
1337, 67, 50, 71
1338, 8, 89, 22
1339, 98, 54, 82
1340, 98, 58, 17
1341, 86, 39, 74
1342, 50, 20, 10
1343, 47, 93, 8
1344, 22, 66, 50
1345, 67, 88, 99
1346, 5, 54, 79
1347, 64, 98, 36
1348, 66, 53, 98
1349, 28, 72, 37
1350, 80, 5, 63
1351, 70, 91, 41
1352, 88, 98, 88
1353, 4, 31, 21
1354, 20, 58, 73
1355, 37, 59, 5
1356, 0, 81, 3
1357, 35, 3, 92
1358, 38, 6, 37
1359, 51, 53, 12
1360, 96, 18, 9
1361, 1, 60, 59
1362, 41, 67, 83
1363, 36, 12, 13
1364, 38, 46, 19
1365, 90, 54, 60
1366, 17, 85, 20
1367, 11, 24, 1
1368, 16, 32, 0
1369, 87, 31, 9
1370, 59, 34, 8
1371, 37, 3, 87
1372, 6, 36, 20
1373, 30, 62, 88
1374, 14, 97, 68
1375, 74, 12, 74
1376, 70, 9, 71
1377, 74, 40, 23
1378, 47, 35, 56
1379, 19, 62, 17
1380, 35, 16, 68
1381, 36, 68, 19
1382, 64, 4, 12
1383, 30, 86, 0
1384, 91, 87, 32
1385, 29, 99, 87
1386, 37, 98, 41
1387, 5, 84, 93
1388, 44, 21, 41
1389, 33, 83, 93
1390, 25, 99, 24
1391, 78, 100, 3
1392, 97, 79, 5
1393, 95, 60, 75
1394, 5, 6, 36
1395, 90, 47, 3
1396, 15, 3, 87
1397, 70, 64, 71
1398, 18, 19, 35
1399, 16, 30, 91
1400, 77, 9, 1
1401, 16, 91, 56
1402, 25, 69, 23
1403, 85, 33, 6
1404, 98, 74, 66
1405, 5, 4, 38
1406, 23, 10, 0
1407, 92, 30, 96
1408, 49, 41, 62
1409, 78, 16, 22
1410, 86, 32, 40
1411, 93, 36, 72
1412, 27, 75, 68
1413, 78, 48, 100
1414, 4, 96, 66
1415, 20, 91, 72
1416, 88, 21, 38
1417, 23, 27, 46
1418, 96, 72, 100
1419, 74, 17, 74
1420, 32, 6, 9
1421, 56, 7, 36
1422, 59, 66, 47
1423, 61, 33, 32
1424, 21, 94, 76
1425, 90, 75, 19
1426, 43, 15, 88
1427, 62, 41, 60
1428, 34, 31, 89
1429, 25, 44, 48
1430, 95, 95, 88
1431, 33, 61, 15
1432, 60, 46, 92
1433, 11, 66, 27
1434, 12, 77, 61
1435, 3, 56, 40
1436, 40, 88, 70
1437, 10, 53, 17
1438, 61, 88, 79
1439, 62, 22, 38
1440, 14, 87, 87
1441, 40, 52, 69
1442, 67, 76, 95
1443, 0, 50, 57
1444, 12, 23, 66
1445, 76, 90, 37
1446, 72, 90, 49
1447, 72, 99, 31
1448, 23, 28, 33
1449, 22, 83, 69
1450, 56, 86, 97
1451, 2, 99, 36
1452, 4, 6, 74
1453, 62, 50, 34
1454, 61, 6, 6
1455, 52, 51, 1
1456, 30, 87, 27
1457, 33, 66, 3
1458, 6, 2, 73
1459, 32, 81, 85
1460, 31, 60, 95
1461, 9, 64, 15
1462, 74, 78, 26
1463, 22, 75, 44
1464, 0, 28, 9
1465, 88, 100, 84
1466, 98, 93, 94
1467, 17, 22, 20
1468, 36, 95, 44
1469, 71, 16, 1
1470, 21, 0, 15
1471, 95, 27, 82
1472, 1, 73, 52
1473, 48, 38, 100
1474, 17, 82, 5
1475, 13, 62, 52
1476, 64, 34, 42
1477, 93, 7, 17
1478, 92, 35, 19
1479, 65, 53, 54
1480, 58, 81, 65
1481, 36, 95, 88
1482, 42, 35, 31
1483, 87, 52, 8
1484, 32, 85, 77
1485, 48, 17, 15
1486, 3, 27, 17
1487, 99, 49, 59
1488, 39, 67, 58
1489, 81, 7, 93
1490, 31, 28, 28
1491, 26, 80, 74
1492, 8, 50, 76
1493, 39, 71, 0
1494, 78, 82, 59
1495, 79, 71, 27
1496, 37, 21, 92
1497, 43, 99, 6
1498, 26, 98, 33
1499, 36, 2, 96
1500, 76, 13, 100
1501, 20, 82, 99
1502, 0, 92, 49
1503, 87, 48, 87
1504, 98, 3, 83
1505, 83, 58, 100
1506, 77, 58, 12
1507, 12, 50, 22
1508, 45, 20, 7
1509, 94, 6, 40
1510, 26, 12, 51
1511, 59, 95, 3
1512, 94, 90, 45
1513, 83, 57, 31
1514, 5, 17, 11
1515, 18, 88, 22
1516, 1, 18, 99
1517, 35, 18, 34
1518, 70, 20, 80
1519, 30, 5, 49
1520, 56, 9, 4
1521, 89, 87, 55
1522, 66, 26, 32
1523, 34, 54, 32
1524, 11, 24, 53
1525, 48, 92, 66
1526, 25, 50, 31
1527, 74, 11, 59
1528, 96, 48, 16
1529, 4, 8, 34
1530, 86, 64, 93
1531, 76, 10, 38
1532, 44, 88, 39
1533, 62, 46, 57
1534, 60, 78, 46
1535, 86, 42, 33
1536, 83, 93, 3
1537, 18, 31, 77
1538, 29, 74, 100
1539, 6, 30, 69
1540, 63, 2, 42
1541, 30, 6, 72
1542, 41, 91, 73
1543, 82, 1, 40
1544, 29, 25, 55
1545, 68, 37, 51
1546, 33, 47, 6
1547, 12, 37, 94
1548, 98, 0, 67
1549, 82, 22, 4
1550, 36, 81, 77
1551, 1, 50, 37
1552, 12, 38, 13
1553, 33, 46, 31
1554, 7, 85, 81
1555, 61, 31, 67
1556, 19, 6, 77
1557, 67, 99, 99
1558, 76, 98, 24
1559, 17, 60, 76
1560, 39, 66, 53
1561, 50, 35, 95
1562, 21, 34, 61
1563, 42, 53, 14
1564, 20, 46, 79
1565, 8, 26, 66
1566, 20, 63, 62
1567, 29, 2, 33
1568, 34, 50, 66
1569, 88, 15, 54
1570, 7, 13, 25
1571, 40, 36, 20
1572, 7, 35, 39
1573, 0, 94, 79
1574, 12, 2, 37
1575, 89, 1, 23
1576, 63, 60, 15
1577, 63, 59, 82
1578, 82, 60, 74
1579, 56, 95, 30
1580, 2, 51, 62
1581, 46, 62, 52
1582, 95, 16, 87
1583, 23, 24, 10
1584, 61, 75, 2
1585, 8, 6, 18
1586, 55, 38, 24
1587, 5, 34, 86
1588, 72, 65, 1
1589, 53, 27, 85
1590, 37, 92, 56
1591, 7, 52, 91
1592, 22, 26, 73
1593, 21, 82, 82
1594, 75, 50, 55
1595, 49, 28, 14
1596, 60, 62, 15
1597, 17, 66, 14
1598, 88, 57, 22
1599, 18, 78, 7
1600, 70, 89, 16
1601, 15, 44, 45
1602, 32, 54, 55
1603, 92, 89, 87
1604, 45, 38, 84
1605, 47, 38, 58
1606, 54, 87, 63
1607, 73, 30, 63
1608, 81, 8, 23
1609, 20, 80, 88
1610, 61, 94, 65
1611, 53, 60, 76
1612, 90, 58, 28
1613, 2, 6, 48
1614, 83, 10, 71
1615, 70, 42, 58
1616, 42, 70, 0
1617, 51, 11, 94
1618, 38, 18, 84
1619, 9, 61, 10
1620, 40, 5, 58
1621, 46, 56, 44
1622, 7, 10, 92
1623, 81, 35, 68
1624, 78, 53, 100
1625, 49, 39, 18
1626, 13, 11, 24
1627, 14, 25, 53
1628, 66, 33, 4
1629, 76, 82, 25
1630, 30, 54, 37
1631, 74, 59, 52
1632, 19, 10, 97
1633, 30, 58, 12
1634, 79, 62, 88
1635, 11, 29, 67
1636, 13, 50, 13
1637, 31, 92, 26
1638, 29, 11, 34
1639, 35, 74, 41
1640, 78, 47, 21
1641, 99, 64, 52
1642, 16, 17, 99
1643, 10, 4, 59
1644, 90, 40, 60
1645, 32, 49, 7
1646, 79, 86, 10
1647, 49, 12, 82
1648, 50, 69, 2
1649, 77, 75, 89
1650, 35, 61, 99
1651, 23, 16, 81
1652, 91, 58, 87
1653, 56, 41, 8
1654, 0, 38, 100
1655, 18, 77, 59
1656, 88, 94, 18
1657, 72, 66, 0
1658, 98, 79, 54
1659, 87, 65, 21
1660, 85, 62, 52
1661, 20, 0, 34
1662, 90, 93, 69
1663, 41, 12, 91
1664, 78, 90, 47
1665, 87, 12, 80
1666, 58, 15, 55
1667, 40, 22, 19
1668, 39, 4, 56
1669, 0, 67, 70
1670, 53, 57, 51
1671, 44, 16, 32
1672, 58, 22, 96
1673, 53, 8, 53
1674, 56, 85, 34
1675, 21, 68, 44
1676, 87, 18, 25
1677, 35, 14, 5
1678, 13, 10, 75
1679, 37, 73, 84
1680, 63, 68, 52
1681, 78, 44, 64
1682, 53, 78, 2
1683, 15, 25, 98
1684, 87, 71, 85
1685, 54, 56, 6
1686, 94, 68, 7
1687, 57, 72, 20
1688, 23, 84, 21
1689, 58, 55, 50
1690, 50, 23, 95
1691, 5, 16, 14
1692, 8, 52, 27
1693, 22, 34, 23
1694, 38, 26, 88
1695, 17, 94, 99
1696, 88, 70, 30
1697, 76, 53, 55
1698, 57, 41, 24
1699, 98, 64, 50
1700, 19, 61, 2
1701, 27, 67, 44
1702, 45, 24, 25
1703, 27, 86, 21
1704, 22, 76, 20
1705, 87, 92, 30
1706, 95, 97, 49
1707, 14, 50, 38
1708, 45, 25, 64
1709, 49, 49, 22
1710, 37, 25, 78
1711, 47, 45, 54
1712, 33, 24, 94
1713, 3, 91, 58
1714, 79, 94, 53
1715, 33, 79, 36
1716, 0, 31, 16
1717, 9, 13, 54
1718, 57, 13, 46
1719, 77, 58, 37
1720, 61, 5, 63
1721, 80, 14, 24
1722, 16, 91, 71
1723, 36, 85, 67
1724, 83, 63, 99
1725, 81, 50, 26
1726, 64, 64, 24
1727, 34, 29, 76
1728, 70, 81, 28
1729, 15, 55, 72
1730, 60, 69, 28
1731, 55, 34, 57
1732, 11, 34, 60
1733, 66, 28, 51
1734, 5, 8, 35
1735, 0, 9, 100
1736, 0, 84, 65
1737, 20, 63, 41
1738, 46, 89, 81
1739, 16, 57, 3
1740, 26, 0, 67
1741, 22, 83, 85
1742, 75, 37, 10
1743, 72, 6, 47
1744, 32, 19, 69
1745, 23, 28, 61
1746, 65, 61, 8
1747, 66, 93, 61
1748, 48, 18, 28
1749, 31, 11, 8
1750, 18, 74, 17
1751, 4, 63, 91
1752, 92, 19, 6
1753, 61, 8, 18
1754, 74, 32, 86
1755, 38, 41, 77
1756, 48, 63, 8
1757, 43, 9, 93
1758, 2, 47, 35
1759, 9, 34, 89
1760, 92, 33, 10
1761, 29, 22, 15
1762, 51, 99, 34
1763, 94, 1, 10
1764, 1, 83, 60
1765, 95, 0, 48
1766, 17, 34, 79
1767, 16, 62, 92
1768, 7, 92, 23
1769, 50, 55, 66
1770, 77, 68, 91
1771, 100, 97, 68
1772, 65, 2, 58
1773, 30, 38, 57
1774, 4, 63, 6
1775, 24, 20, 5
1776, 13, 89, 53
1777, 77, 62, 46
1778, 54, 32, 56
1779, 98, 58, 94
1780, 34, 92, 15
1781, 44, 79, 9
1782, 47, 56, 60
1783, 43, 33, 93
1784, 59, 83, 51
1785, 90, 54, 25
1786, 2, 76, 86
1787, 0, 13, 15
1788, 33, 73, 52
1789, 75, 38, 96
1790, 78, 32, 32
1791, 38, 62, 61
1792, 58, 10, 54
1793, 10, 8, 99
1794, 15, 3, 21
1795, 43, 29, 100
1796, 58, 96, 72
1797, 27, 23, 53
1798, 78, 34, 12
1799, 73, 54, 59
1800, 18, 81, 73
1801, 90, 55, 31
1802, 38, 67, 35
1803, 56, 92, 74
1804, 83, 99, 74
1805, 51, 10, 32
1806, 42, 9, 43
1807, 40, 66, 49
1808, 58, 22, 0
1809, 9, 80, 44
1810, 12, 49, 33
1811, 46, 90, 74
1812, 3, 48, 67
1813, 52, 11, 61
1814, 17, 98, 69
1815, 51, 16, 96
1816, 99, 79, 66
1817, 84, 8, 88
1818, 67, 74, 95
1819, 70, 62, 30
1820, 36, 9, 58
1821, 20, 79, 49
1822, 8, 8, 46
1823, 2, 40, 55
1824, 37, 52, 15
1825, 93, 23, 20
1826, 82, 11, 88
1827, 36, 74, 13
1828, 74, 80, 16
1829, 4, 82, 43
1830, 55, 65, 96
1831, 55, 51, 53
1832, 1, 54, 72
1833, 75, 48, 100
1834, 50, 94, 20
1835, 68, 56, 93
1836, 41, 41, 55
1837, 0, 60, 65
1838, 6, 99, 59
1839, 11, 77, 54
1840, 27, 53, 96
1841, 16, 33, 68
1842, 21, 76, 44
1843, 45, 52, 5
1844, 56, 74, 53
1845, 98, 97, 66
1846, 12, 100, 6
1847, 35, 87, 16
1848, 2, 100, 21
1849, 78, 55, 14
1850, 69, 88, 74
1851, 29, 11, 48
1852, 51, 35, 3
1853, 45, 47, 63
1854, 65, 16, 65
1855, 82, 64, 92
1856, 18, 10, 100
1857, 48, 42, 94
1858, 41, 36, 65
1859, 89, 19, 28
1860, 90, 58, 13
1861, 94, 38, 54
1862, 71, 12, 42
1863, 19, 49, 42
1864, 39, 24, 4
1865, 74, 45, 58
1866, 50, 48, 46
1867, 90, 5, 10
1868, 61, 40, 100
1869, 54, 96, 56
1870, 32, 40, 7
1871, 5, 61, 53
1872, 70, 77, 84
1873, 34, 48, 73
1874, 17, 52, 76
1875, 54, 1, 87
1876, 7, 74, 33
1877, 26, 70, 89
1878, 72, 66, 65
1879, 63, 72, 59
1880, 38, 39, 11
1881, 27, 52, 40
1882, 29, 80, 59
1883, 15, 19, 68
1884, 12, 73, 81
1885, 59, 72, 68
1886, 93, 9, 67
1887, 24, 100, 86
1888, 70, 71, 96
1889, 42, 0, 6
1890, 54, 78, 91
1891, 13, 43, 93
1892, 18, 30, 1
1893, 69, 95, 3
1894, 10, 71, 57
1895, 65, 69, 11
1896, 0, 34, 86
1897, 51, 53, 60
1898, 27, 4, 89
1899, 0, 13, 58
1900, 70, 13, 27
1901, 95, 66, 72
1902, 67, 97, 87
1903, 32, 38, 80
1904, 2, 15, 52
1905, 36, 67, 85
1906, 72, 70, 60
1907, 38, 77, 58
1908, 10, 45, 43
1909, 52, 69, 66
1910, 7, 33, 6
1911, 62, 66, 18
1912, 49, 11, 38
1913, 30, 39, 93
1914, 14, 50, 84
1915, 91, 17, 22
1916, 26, 69, 30
1917, 88, 89, 80
1918, 9, 36, 52
1919, 93, 65, 50
1920, 58, 20, 21
1921, 23, 58, 33
1922, 44, 42, 9
1923, 68, 80, 89
1924, 5, 66, 67
1925, 3, 32, 27
1926, 43, 26, 75
1927, 47, 98, 47
1928, 78, 31, 1
1929, 92, 37, 50
1930, 26, 61, 0
1931, 15, 74, 30
1932, 68, 58, 39
1933, 52, 13, 24
1934, 11, 27, 1
1935, 97, 21, 15
1936, 50, 3, 75
1937, 50, 46, 13
1938, 44, 89, 24
1939, 86, 94, 10
1940, 38, 61, 58
1941, 94, 42, 85
1942, 31, 59, 0
1943, 14, 88, 99
1944, 17, 66, 5
1945, 88, 21, 26
1946, 43, 34, 59
1947, 99, 72, 31
1948, 56, 49, 70
1949, 48, 98, 2
1950, 14, 26, 98
1951, 66, 14, 70
1952, 94, 17, 43
1953, 28, 76, 38
1954, 21, 82, 98
1955, 69, 37, 94
1956, 67, 3, 50
1957, 64, 59, 93
1958, 61, 13, 29
1959, 27, 14, 4
1960, 91, 94, 86
1961, 66, 11, 29
1962, 55, 34, 22
1963, 34, 36, 37
1964, 73, 55, 81
1965, 68, 39, 7
1966, 26, 19, 73
1967, 8, 56, 16
1968, 24, 85, 42
1969, 2, 40, 60
1970, 21, 58, 75
1971, 55, 72, 12
1972, 35, 38, 78
1973, 99, 25, 26
1974, 37, 45, 56
1975, 8, 65, 69
1976, 69, 13, 90
1977, 47, 56, 2
1978, 61, 3, 63
1979, 41, 61, 79
1980, 14, 82, 77
1981, 25, 8, 33
1982, 59, 77, 2
1983, 7, 26, 71
1984, 55, 45, 43
1985, 91, 91, 26
1986, 49, 52, 100
1987, 21, 88, 89
1988, 15, 28, 38
1989, 70, 25, 26
1990, 59, 90, 10
1991, 44, 60, 15
1992, 16, 34, 97
1993, 20, 31, 14
1994, 86, 56, 69
1995, 40, 80, 0
1996, 26, 77, 14
1997, 79, 70, 6
1998, 87, 44, 4
1999, 7, 94, 65
2000, 57, 48, 43
2001, 28, 79, 47
2002, 28, 47, 48
2003, 81, 93, 32
2004, 31, 24, 80
2005, 96, 21, 42
2006, 54, 90, 98
2007, 64, 22, 2
2008, 9, 50, 2
2009, 28, 20, 0
2010, 82, 82, 31
2011, 78, 73, 89
2012, 85, 60, 27
2013, 9, 14, 50
2014, 62, 11, 19
2015, 22, 38, 91
2016, 29, 48, 60
2017, 82, 68, 38
2018, 69, 15, 36
2019, 26, 70, 94
2020, 64, 57, 94
2021, 71, 43, 22
2022, 69, 41, 4
2023, 56, 74, 36
2024, 17, 24, 83
2025, 75, 39, 79
2026, 78, 48, 0
2027, 48, 36, 87
2028, 19, 92, 40
2029, 96, 19, 95
2030, 44, 39, 11
2031, 67, 7, 25
2032, 34, 96, 16
2033, 75, 74, 55
2034, 7, 26, 61
2035, 51, 47, 35
2036, 69, 33, 42
2037, 64, 39, 61
2038, 42, 97, 54
2039, 34, 21, 48
2040, 58, 15, 32
2041, 93, 11, 61
2042, 24, 1, 51
2043, 40, 42, 56
2044, 7, 96, 56
2045, 82, 23, 63
2046, 40, 4, 86
2047, 28, 57, 30
2048, 99, 47, 70
2049, 19, 68, 13
2050, 53, 6, 49
2051, 79, 86, 66
2052, 91, 56, 84
2053, 40, 43, 66
2054, 49, 35, 57
2055, 23, 11, 60
2056, 59, 71, 0
2057, 21, 72, 2
2058, 41, 40, 87
2059, 73, 23, 63
2060, 59, 73, 70
2061, 48, 24, 38
2062, 14, 66, 77
2063, 29, 73, 67
2064, 82, 39, 38
2065, 15, 10, 87
2066, 83, 95, 55
2067, 66, 55, 70
2068, 87, 34, 80
2069, 99, 50, 26
2070, 22, 43, 45
2071, 50, 76, 22
2072, 64, 34, 9
2073, 49, 28, 10
2074, 30, 98, 39
2075, 70, 84, 54
2076, 66, 86, 53
2077, 18, 97, 36
2078, 25, 70, 60
2079, 71, 53, 19
2080, 45, 2, 31
2081, 94, 100, 98
2082, 19, 66, 48
2083, 4, 5, 51
2084, 80, 29, 79
2085, 91, 16, 84
2086, 42, 56, 93
2087, 56, 13, 29
2088, 11, 34, 19
2089, 69, 72, 9
2090, 70, 76, 72
2091, 14, 92, 96
2092, 26, 43, 34
2093, 65, 50, 7
2094, 39, 64, 3
2095, 69, 85, 84
2096, 13, 97, 25
2097, 60, 46, 32
2098, 5, 19, 14
2099, 90, 41, 87
2100, 51, 1, 51
2101, 65, 50, 61
2102, 21, 71, 0
2103, 32, 61, 38
2104, 57, 87, 81
2105, 17, 100, 38
2106, 92, 86, 29
2107, 71, 44, 17
2108, 23, 37, 78
2109, 21, 84, 69
2110, 53, 80, 30
2111, 80, 95, 50
2112, 76, 65, 3
2113, 61, 65, 49
2114, 32, 95, 41
2115, 13, 62, 32
2116, 99, 63, 70
2117, 49, 46, 36
2118, 100, 71, 96
2119, 80, 4, 0
2120, 51, 88, 60
2121, 90, 58, 40
2122, 0, 4, 77
2123, 90, 62, 18
2124, 8, 45, 75
2125, 2, 11, 71
2126, 85, 50, 79
2127, 87, 4, 76
2128, 36, 92, 84
2129, 20, 21, 0
2130, 90, 65, 0
2131, 77, 24, 66
2132, 57, 19, 32
2133, 24, 97, 44
2134, 24, 54, 15
2135, 76, 16, 11
2136, 25, 75, 6
2137, 13, 18, 75
2138, 100, 69, 45
2139, 13, 29, 15
2140, 54, 14, 25
2141, 13, 90, 68
2142, 13, 19, 81
2143, 79, 22, 98
2144, 7, 17, 99
2145, 54, 20, 41
2146, 3, 30, 51
2147, 53, 70, 12
2148, 77, 8, 52
2149, 91, 94, 79
2150, 40, 18, 7
2151, 28, 11, 59
2152, 97, 14, 72
2153, 67, 78, 21
2154, 55, 80, 2
2155, 65, 37, 75
2156, 13, 0, 39
2157, 92, 62, 75
2158, 98, 16, 30
2159, 79, 70, 12
2160, 10, 91, 23
2161, 31, 67, 94
2162, 53, 61, 44
2163, 29, 58, 2
2164, 17, 90, 71
2165, 36, 32, 29
2166, 47, 67, 62
2167, 67, 62, 81
2168, 25, 52, 94
2169, 81, 76, 1
2170, 48, 22, 40
2171, 90, 22, 42
2172, 46, 48, 8
2173, 36, 63, 37
2174, 91, 55, 69
2175, 51, 13, 70
2176, 88, 79, 35
2177, 64, 23, 68
2178, 83, 47, 79
2179, 98, 56, 72
2180, 88, 29, 20
2181, 99, 80, 58
2182, 36, 83, 30
2183, 16, 99, 47
2184, 80, 29, 52
2185, 28, 73, 90
2186, 11, 90, 4
2187, 68, 94, 89
2188, 77, 91, 12
2189, 14, 57, 41
2190, 46, 94, 2
2191, 5, 92, 99
2192, 36, 81, 9
2193, 41, 74, 79
2194, 91, 71, 17
2195, 60, 88, 89
2196, 82, 15, 38
2197, 38, 40, 40
2198, 9, 53, 19
2199, 99, 57, 84
2200, 20, 96, 79
2201, 47, 36, 97
2202, 48, 56, 58
2203, 76, 47, 98
2204, 96, 55, 8
2205, 52, 82, 81
2206, 63, 27, 51
2207, 44, 2, 63
2208, 7, 18, 7
2209, 41, 27, 47
2210, 66, 57, 77
2211, 61, 24, 81
2212, 100, 97, 78
2213, 39, 61, 100
2214, 69, 96, 18
2215, 62, 88, 46
2216, 69, 62, 63
2217, 54, 68, 55
2218, 85, 39, 45
2219, 36, 1, 89
2220, 57, 97, 68
2221, 39, 57, 89
2222, 37, 54, 55
2223, 49, 48, 85
2224, 76, 48, 45
2225, 44, 73, 43
2226, 14, 11, 0
2227, 39, 17, 49
2228, 37, 55, 76
2229, 21, 94, 25
2230, 88, 43, 81
2231, 58, 10, 4
2232, 2, 41, 4
2233, 40, 37, 84
2234, 7, 25, 22
2235, 74, 5, 29
2236, 85, 1, 14
2237, 55, 60, 92
2238, 97, 96, 54
2239, 87, 77, 9
2240, 75, 38, 13
2241, 8, 64, 29
2242, 86, 86, 25
2243, 29, 24, 71
2244, 45, 96, 0
2245, 18, 68, 91
2246, 20, 2, 9
2247, 11, 81, 8
2248, 90, 91, 89
2249, 89, 98, 32
2250, 23, 95, 85
2251, 89, 16, 63
2252, 74, 28, 90
2253, 35, 69, 66
2254, 84, 73, 10
2255, 84, 32, 36
2256, 74, 42, 5
2257, 36, 2, 74
2258, 2, 63, 23
2259, 69, 60, 49
2260, 29, 21, 3
2261, 45, 7, 34
2262, 67, 14, 19
2263, 89, 32, 40
2264, 59, 59, 70
2265, 7, 52, 74
2266, 49, 30, 83
2267, 20, 88, 39
2268, 25, 40, 100
2269, 61, 95, 100
2270, 66, 45, 66
2271, 14, 93, 81
2272, 20, 16, 95
2273, 4, 49, 27
2274, 30, 82, 78
2275, 68, 36, 24
2276, 90, 4, 12
2277, 11, 61, 20
2278, 55, 72, 54
2279, 58, 62, 61
2280, 23, 35, 7
2281, 78, 10, 97
2282, 17, 81, 26
2283, 77, 64, 0
2284, 49, 11, 90
2285, 18, 51, 55
2286, 44, 32, 38
2287, 71, 21, 21
2288, 63, 97, 21
2289, 98, 26, 98
2290, 77, 8, 78
2291, 47, 17, 30
2292, 49, 7, 18
2293, 62, 96, 99
2294, 14, 68, 22
2295, 17, 30, 100
2296, 59, 78, 68
2297, 6, 24, 34
2298, 93, 43, 77
2299, 67, 62, 10
2300, 72, 52, 26
2301, 85, 32, 91
2302, 16, 15, 21
2303, 80, 56, 2
2304, 57, 32, 22
2305, 48, 4, 34
2306, 69, 78, 77
2307, 56, 94, 23
2308, 14, 97, 57
2309, 99, 31, 63
2310, 38, 66, 5
2311, 76, 4, 36
2312, 71, 1, 10
2313, 63, 19, 93
2314, 22, 6, 74
2315, 86, 31, 62
2316, 81, 34, 65
2317, 0, 22, 9
2318, 84, 5, 6
2319, 30, 22, 26
2320, 23, 58, 39
2321, 10, 73, 54
2322, 40, 85, 22
2323, 34, 27, 76
2324, 61, 76, 4
2325, 62, 25, 41
2326, 79, 76, 16
2327, 83, 37, 44
2328, 52, 84, 54
2329, 44, 67, 86
2330, 32, 99, 58
2331, 37, 14, 52
2332, 8, 89, 61
2333, 50, 75, 4
2334, 68, 19, 44
2335, 26, 20, 57
2336, 8, 22, 11
2337, 28, 48, 33
2338, 80, 98, 45
2339, 97, 72, 36
2340, 99, 8, 41
2341, 80, 38, 4
2342, 29, 33, 50
2343, 52, 59, 6
2344, 80, 25, 70
2345, 90, 97, 68
2346, 63, 25, 73
2347, 44, 62, 69
2348, 46, 64, 17
2349, 23, 5, 39
2350, 55, 77, 58
2351, 58, 76, 48
2352, 4, 59, 81
2353, 16, 31, 27
2354, 7, 15, 95
2355, 77, 66, 15
2356, 52, 73, 91
2357, 38, 32, 24
2358, 60, 48, 13
2359, 10, 32, 88
2360, 86, 38, 65
2361, 36, 57, 14
2362, 23, 56, 55
2363, 1, 40, 97
2364, 19, 94, 38
2365, 53, 59, 61
2366, 67, 48, 73
2367, 38, 95, 41
2368, 66, 78, 98
2369, 84, 60, 43
2370, 44, 68, 83
2371, 88, 21, 54
2372, 11, 49, 29
2373, 3, 2, 52
2374, 85, 76, 61
2375, 66, 14, 51
2376, 83, 39, 94
2377, 5, 56, 78
2378, 21, 10, 41
2379, 35, 69, 64
2380, 67, 39, 60
2381, 27, 32, 35
2382, 60, 37, 92
2383, 66, 99, 24
2384, 83, 49, 3
2385, 33, 68, 71
2386, 44, 73, 97
2387, 52, 98, 45
2388, 32, 87, 99
2389, 47, 54, 9
2390, 50, 56, 3
2391, 32, 48, 91
2392, 66, 45, 84
2393, 98, 18, 33
2394, 68, 72, 31
2395, 39, 53, 73
2396, 45, 24, 3
2397, 13, 55, 68
2398, 3, 39, 73
2399, 38, 44, 19
2400, 2, 30, 57
2401, 68, 90, 71
2402, 73, 30, 94
2403, 82, 98, 40
2404, 60, 79, 42
2405, 89, 87, 33
2406, 83, 36, 16
2407, 41, 76, 45
2408, 2, 11, 7
2409, 17, 29, 48
2410, 8, 64, 44
2411, 34, 32, 73
2412, 93, 44, 78
2413, 9, 96, 27
2414, 17, 69, 41
2415, 3, 79, 10
2416, 39, 89, 23
2417, 53, 24, 24
2418, 83, 37, 51
2419, 40, 91, 50
2420, 22, 65, 98
2421, 1, 78, 16
2422, 45, 53, 74
2423, 71, 75, 77
2424, 44, 31, 57
2425, 46, 35, 48
2426, 32, 64, 76
2427, 22, 88, 0
2428, 54, 31, 2
2429, 73, 95, 4
2430, 8, 93, 55
2431, 53, 60, 16
2432, 18, 72, 25
2433, 4, 66, 78
2434, 5, 0, 99
2435, 19, 1, 57
2436, 42, 17, 8
2437, 42, 7, 14
2438, 12, 86, 87
2439, 72, 39, 88
2440, 53, 10, 60
2441, 84, 66, 6
2442, 7, 87, 13
2443, 30, 8, 21
2444, 39, 91, 46
2445, 64, 90, 24
2446, 84, 41, 76
2447, 79, 29, 19
2448, 25, 25, 38
2449, 49, 87, 85
2450, 69, 86, 47
2451, 6, 61, 10
2452, 3, 98, 14
2453, 48, 43, 56
2454, 17, 91, 47
2455, 28, 80, 51
2456, 14, 40, 87
2457, 96, 74, 37
2458, 36, 23, 11
2459, 74, 14, 85
2460, 86, 27, 33
2461, 63, 44, 47
2462, 8, 50, 3
2463, 73, 82, 84
2464, 45, 76, 71
2465, 2, 25, 41
2466, 51, 47, 96
2467, 100, 75, 35
2468, 67, 81, 18
2469, 43, 41, 75
2470, 36, 61, 19
2471, 35, 71, 17
2472, 31, 12, 39
2473, 66, 61, 83
2474, 12, 41, 64
2475, 32, 76, 39
2476, 52, 22, 73
2477, 36, 12, 77
2478, 100, 57, 79
2479, 53, 78, 73
2480, 42, 58, 29
2481, 53, 44, 39
2482, 15, 56, 91
2483, 17, 85, 11
2484, 81, 59, 57
2485, 82, 78, 19
2486, 39, 59, 40
2487, 4, 47, 77
2488, 18, 67, 48
2489, 89, 15, 13
2490, 7, 0, 34
2491, 35, 52, 18
2492, 35, 71, 87
2493, 18, 14, 62
2494, 67, 75, 100
2495, 30, 64, 27
2496, 89, 98, 92
2497, 18, 68, 5
2498, 38, 36, 58
2499, 24, 38, 56
2500, 95, 93, 47
2501, 86, 14, 43
2502, 42, 92, 33
2503, 58, 3, 68
2504, 6, 76, 70
2505, 21, 94, 78
2506, 68, 36, 44
2507, 59, 86, 44
2508, 52, 86, 88
2509, 95, 23, 25
2510, 33, 75, 38
2511, 58, 16, 58
2512, 22, 29, 81
2513, 81, 89, 79
2514, 33, 25, 18
2515, 11, 17, 81
2516, 81, 98, 52
2517, 81, 80, 1
2518, 80, 68, 95
2519, 27, 34, 14
2520, 11, 52, 22
2521, 31, 36, 78
2522, 93, 22, 59
2523, 40, 6, 97
2524, 8, 22, 55
2525, 34, 89, 68
2526, 6, 86, 29
2527, 29, 27, 72
2528, 84, 77, 15
2529, 12, 55, 89
2530, 31, 47, 12
2531, 36, 26, 54
2532, 48, 6, 71
2533, 23, 31, 47
2534, 47, 48, 62
2535, 69, 60, 69
2536, 45, 52, 7
2537, 13, 47, 50
2538, 81, 48, 6
2539, 98, 27, 53
2540, 34, 2, 88
2541, 22, 67, 31
2542, 2, 66, 92
2543, 82, 41, 10
2544, 67, 58, 28
2545, 10, 3, 96
2546, 79, 86, 12
2547, 17, 11, 64
2548, 87, 93, 12
2549, 34, 45, 47
2550, 0, 14, 95
2551, 73, 48, 56
2552, 45, 68, 42
2553, 1, 31, 71
2554, 53, 91, 94
2555, 80, 42, 43
2556, 64, 51, 18
2557, 21, 37, 9
2558, 31, 21, 8
2559, 97, 87, 5
2560, 58, 89, 59
2561, 25, 88, 23
2562, 98, 94, 39
2563, 80, 23, 16
2564, 97, 51, 59
2565, 47, 75, 1
2566, 75, 67, 77
2567, 41, 45, 28
2568, 72, 93, 62
2569, 70, 10, 81
2570, 41, 27, 53
2571, 27, 27, 42
2572, 27, 17, 53
2573, 49, 91, 48
2574, 27, 39, 93
2575, 89, 72, 11
2576, 87, 81, 82
2577, 81, 59, 91
2578, 35, 47, 19
2579, 59, 78, 68
2580, 42, 60, 81
2581, 20, 94, 40
2582, 21, 21, 78
2583, 94, 46, 91
2584, 42, 12, 55
2585, 61, 35, 42
2586, 24, 36, 94
2587, 52, 60, 32
2588, 49, 5, 40
2589, 65, 81, 46
2590, 50, 54, 12
2591, 96, 64, 4
2592, 96, 17, 28
2593, 5, 86, 68
2594, 16, 99, 42
2595, 22, 71, 10
2596, 22, 41, 36
2597, 91, 66, 2
2598, 94, 42, 21
2599, 14, 73, 1
2600, 6, 93, 21
2601, 38, 35, 23
2602, 93, 16, 5
2603, 65, 100, 91
2604, 83, 79, 97
2605, 58, 48, 45
2606, 71, 73, 7
2607, 12, 31, 15
2608, 4, 5, 63
2609, 17, 72, 48
2610, 67, 58, 68
2611, 11, 69, 48
2612, 27, 2, 56
2613, 29, 19, 93
2614, 95, 33, 85
2615, 87, 7, 35
2616, 12, 29, 74
2617, 62, 90, 17
2618, 94, 97, 27
2619, 75, 92, 42
2620, 42, 54, 44
2621, 87, 78, 73
2622, 8, 66, 10
2623, 5, 69, 24
2624, 5, 14, 98
2625, 71, 75, 39
2626, 10, 7, 40
2627, 36, 35, 48
2628, 92, 33, 3
2629, 77, 48, 37
2630, 87, 28, 58
2631, 38, 86, 19
2632, 76, 33, 44
2633, 33, 49, 28
2634, 44, 58, 46
2635, 0, 49, 69
2636, 97, 52, 53
2637, 95, 86, 86
2638, 91, 79, 39
2639, 67, 44, 82
2640, 59, 82, 50
2641, 6, 59, 81
2642, 42, 0, 47
2643, 51, 57, 46
2644, 49, 95, 58
2645, 99, 34, 89
2646, 1, 17, 22
2647, 59, 40, 62
2648, 64, 7, 51
2649, 68, 97, 89
2650, 41, 48, 41
2651, 95, 89, 24
2652, 0, 95, 37
2653, 23, 95, 57
2654, 59, 92, 97
2655, 76, 72, 98
2656, 81, 60, 99
2657, 4, 66, 6
2658, 95, 73, 53
2659, 21, 37, 1
2660, 41, 99, 7
2661, 64, 94, 37
2662, 97, 43, 54
2663, 42, 59, 2
2664, 54, 11, 35
2665, 88, 42, 70
2666, 100, 53, 63
2667, 94, 48, 73
2668, 42, 69, 68
2669, 69, 12, 47
2670, 34, 89, 72
2671, 24, 80, 41
2672, 28, 76, 11
2673, 14, 17, 66
2674, 24, 80, 86
2675, 10, 9, 11
2676, 88, 80, 57
2677, 60, 21, 4
2678, 57, 2, 52
2679, 48, 33, 50
2680, 29, 33, 42
2681, 9, 92, 42
2682, 74, 51, 78
2683, 30, 17, 33
2684, 85, 80, 46
2685, 16, 8, 25
2686, 43, 88, 5
2687, 70, 41, 27
2688, 1, 53, 44
2689, 37, 32, 71
2690, 37, 8, 9
2691, 73, 68, 34
2692, 58, 29, 56
2693, 23, 62, 66
2694, 78, 19, 96
2695, 23, 41, 69
2696, 97, 97, 38
2697, 3, 12, 37
2698, 1, 34, 63
2699, 39, 43, 33
2700, 71, 18, 7
2701, 81, 65, 9
2702, 30, 20, 20
2703, 88, 8, 54
2704, 13, 16, 0
2705, 26, 42, 62
2706, 56, 41, 34
2707, 50, 69, 20
2708, 62, 61, 55
2709, 28, 87, 27
2710, 41, 38, 40
2711, 48, 68, 39
2712, 40, 0, 98
2713, 66, 98, 34
2714, 10, 95, 24
2715, 67, 34, 84
2716, 64, 76, 73
2717, 26, 78, 21
2718, 20, 4, 52
2719, 92, 81, 53
2720, 34, 26, 20
2721, 40, 68, 77
2722, 65, 48, 84
2723, 5, 33, 77
2724, 1, 50, 34
2725, 41, 59, 16
2726, 83, 88, 35
2727, 72, 70, 73
2728, 59, 62, 37
2729, 100, 100, 98
2730, 85, 40, 21
2731, 31, 29, 4
2732, 31, 69, 48
2733, 20, 8, 47
2734, 77, 97, 52
2735, 57, 42, 51
2736, 13, 13, 73
2737, 29, 2, 0
2738, 96, 30, 77
2739, 36, 42, 31
2740, 61, 95, 63
2741, 77, 71, 29
2742, 46, 76, 30
2743, 22, 20, 19
2744, 2, 1, 65
2745, 68, 26, 8
2746, 50, 79, 21
2747, 29, 83, 40
2748, 85, 62, 69
2749, 65, 63, 30
2750, 81, 38, 34
2751, 48, 96, 57
2752, 21, 22, 89
2753, 33, 51, 1
2754, 63, 33, 51
2755, 95, 86, 71
2756, 54, 1, 4
2757, 93, 99, 76
2758, 22, 55, 25
2759, 12, 49, 15
2760, 7, 71, 78
2761, 95, 35, 90
2762, 19, 36, 39
2763, 40, 88, 40
2764, 83, 91, 25
2765, 68, 71, 99
2766, 25, 26, 71
2767, 43, 60, 54
2768, 26, 65, 2
2769, 53, 53, 48
2770, 67, 13, 87
2771, 13, 57, 40
2772, 85, 42, 61
2773, 78, 2, 39
2774, 93, 71, 72
2775, 24, 41, 92
2776, 94, 98, 42
2777, 63, 68, 51
2778, 100, 63, 1
2779, 81, 53, 66
2780, 21, 42, 83
2781, 7, 63, 69
2782, 35, 22, 44
2783, 2, 25, 70
2784, 73, 92, 8
2785, 28, 98, 34
2786, 82, 33, 94
2787, 45, 91, 8
2788, 1, 97, 93
2789, 29, 19, 10
2790, 31, 52, 76
2791, 39, 91, 51
2792, 69, 52, 77
2793, 43, 46, 60
2794, 3, 68, 88
2795, 40, 5, 44
2796, 33, 81, 34
2797, 46, 21, 40
2798, 74, 96, 14
2799, 16, 80, 94
2800, 13, 36, 28
2801, 76, 55, 73
2802, 7, 19, 3
2803, 49, 90, 54
2804, 75, 70, 4
2805, 53, 40, 9
2806, 92, 89, 28
2807, 8, 79, 48
2808, 78, 10, 40
2809, 65, 95, 100
2810, 97, 89, 57
2811, 14, 46, 90
2812, 68, 32, 20
2813, 94, 61, 39
2814, 7, 49, 14
2815, 17, 8, 80
2816, 50, 11, 79
2817, 5, 58, 29
2818, 11, 31, 45
2819, 46, 50, 42
2820, 23, 57, 44
2821, 74, 40, 78
2822, 84, 25, 74
2823, 92, 72, 55
2824, 44, 52, 72
2825, 69, 52, 7
2826, 13, 51, 98
2827, 97, 5, 64
2828, 7, 8, 90
2829, 57, 100, 88
2830, 49, 26, 33
2831, 80, 2, 27
2832, 22, 92, 10
2833, 45, 23, 7
2834, 79, 90, 37
2835, 67, 9, 11
2836, 2, 23, 73
2837, 14, 51, 67
2838, 11, 60, 92
2839, 10, 45, 14
2840, 94, 76, 78
2841, 68, 72, 15
2842, 85, 16, 18
2843, 35, 39, 23
2844, 43, 71, 98
2845, 68, 9, 54
2846, 52, 75, 23
2847, 88, 53, 80
2848, 70, 12, 75
2849, 78, 46, 78
2850, 58, 38, 15
2851, 42, 92, 30
2852, 46, 62, 27
2853, 59, 22, 76
2854, 23, 41, 28
2855, 65, 52, 19
2856, 43, 89, 12
2857, 36, 91, 9
2858, 51, 79, 68
2859, 77, 39, 11
2860, 6, 38, 92
2861, 97, 32, 28
2862, 44, 46, 35
2863, 4, 39, 86
2864, 13, 45, 16
2865, 68, 49, 59
2866, 75, 51, 85
2867, 97, 61, 57
2868, 12, 88, 93
2869, 1, 53, 23
2870, 30, 31, 61
2871, 52, 11, 65
2872, 92, 93, 78
2873, 93, 19, 37
2874, 53, 63, 7
2875, 54, 39, 24
2876, 11, 34, 2
2877, 9, 75, 28
2878, 14, 98, 56
2879, 88, 15, 44
2880, 19, 80, 18
2881, 12, 33, 4
2882, 68, 79, 94
2883, 14, 57, 21
2884, 13, 20, 41
2885, 23, 50, 76
2886, 24, 81, 49
2887, 47, 80, 41
2888, 51, 33, 89
2889, 72, 76, 70
2890, 86, 42, 46
2891, 58, 19, 84
2892, 37, 0, 3
2893, 15, 42, 8
2894, 31, 54, 29
2895, 8, 39, 28
2896, 37, 96, 40
2897, 73, 68, 98
2898, 42, 52, 4
2899, 50, 12, 32
2900, 83, 32, 32
2901, 75, 76, 44
2902, 35, 22, 20
2903, 23, 95, 76
2904, 14, 9, 21
2905, 82, 95, 4
2906, 87, 47, 80
2907, 27, 56, 51
2908, 56, 22, 66
2909, 98, 29, 39
2910, 23, 18, 36
2911, 85, 25, 14
2912, 61, 22, 96
2913, 54, 99, 99
2914, 95, 82, 45
2915, 45, 66, 83
2916, 90, 62, 46
2917, 2, 74, 82
2918, 39, 87, 97
2919, 36, 96, 22
2920, 75, 46, 90
2921, 13, 91, 41
2922, 42, 83, 45
2923, 23, 22, 65
2924, 71, 9, 41
2925, 79, 24, 20
2926, 82, 56, 6
2927, 66, 96, 97
2928, 96, 65, 16
2929, 86, 7, 11
2930, 61, 50, 46
2931, 2, 70, 49
2932, 61, 94, 40
2933, 4, 11, 56
2934, 94, 37, 58
2935, 36, 41, 20
2936, 18, 75, 36
2937, 72, 40, 32
2938, 11, 47, 62
2939, 54, 79, 37
2940, 49, 82, 82
2941, 86, 85, 20
2942, 55, 94, 92
2943, 65, 26, 23
2944, 54, 41, 66
2945, 47, 65, 91
2946, 14, 30, 70
2947, 99, 91, 52
2948, 30, 75, 12
2949, 98, 5, 30
2950, 93, 38, 78
2951, 7, 56, 86
2952, 34, 60, 75
2953, 38, 87, 50
2954, 70, 47, 93
2955, 54, 52, 64
2956, 0, 57, 94
2957, 59, 90, 77
2958, 100, 60, 46
2959, 84, 1, 94
2960, 42, 71, 59
2961, 19, 96, 42
2962, 4, 48, 85
2963, 56, 52, 73
2964, 97, 80, 19
2965, 27, 33, 82
2966, 95, 87, 39
2967, 25, 67, 20
2968, 49, 25, 41
2969, 52, 27, 12
2970, 11, 52, 60
2971, 36, 26, 49
2972, 88, 64, 29
2973, 25, 87, 76
2974, 84, 9, 70
2975, 67, 32, 30
2976, 28, 76, 39
2977, 95, 65, 32
2978, 45, 2, 85
2979, 63, 77, 87
2980, 1, 70, 43
2981, 77, 59, 1
2982, 22, 32, 50
2983, 92, 28, 2
2984, 15, 7, 67
2985, 61, 39, 39
2986, 25, 73, 71
2987, 14, 75, 55
2988, 67, 30, 30
2989, 95, 63, 28
2990, 36, 44, 32
2991, 43, 79, 64
2992, 20, 35, 33
2993, 53, 62, 29
2994, 58, 13, 42
2995, 26, 22, 48
2996, 37, 59, 93
2997, 91, 35, 42
2998, 95, 3, 62
2999, 8, 24, 35
3000, 95, 69, 15
3001, 15, 37, 63
3002, 74, 84, 65
3003, 93, 73, 67
3004, 90, 65, 28
3005, 3, 7, 44
3006, 28, 4, 24
3007, 57, 92, 73
3008, 65, 4, 44
3009, 30, 99, 56
3010, 23, 61, 60
3011, 44, 49, 47
3012, 48, 5, 32
3013, 44, 55, 98
3014, 12, 89, 39
3015, 79, 61, 6
3016, 32, 46, 31
3017, 13, 27, 41
3018, 79, 78, 53
3019, 43, 99, 18
3020, 62, 59, 89
3021, 93, 25, 89
3022, 29, 60, 60
3023, 54, 20, 20
3024, 30, 55, 50
3025, 59, 18, 67
3026, 27, 19, 81
3027, 27, 59, 35
3028, 49, 78, 81
3029, 48, 90, 17
3030, 70, 36, 15
3031, 59, 90, 72
3032, 67, 96, 79
3033, 4, 27, 64
3034, 5, 86, 73
3035, 16, 51, 86
3036, 98, 64, 73
3037, 14, 83, 18
3038, 11, 58, 6
3039, 93, 68, 75
3040, 43, 28, 71
3041, 35, 75, 43
3042, 1, 19, 25
3043, 99, 84, 83
3044, 2, 14, 55
3045, 30, 45, 65
3046, 20, 12, 39
3047, 8, 1, 57
3048, 49, 42, 58
3049, 20, 88, 38
3050, 61, 27, 31
3051, 90, 3, 21
3052, 1, 80, 75
3053, 25, 100, 57
3054, 91, 30, 13
3055, 70, 40, 31
3056, 78, 94, 48
3057, 29, 56, 24
3058, 17, 77, 36
3059, 91, 86, 2
3060, 36, 25, 77
3061, 18, 3, 63
3062, 35, 32, 0
3063, 7, 60, 92
3064, 21, 13, 20
3065, 72, 72, 77
3066, 94, 24, 86
3067, 45, 12, 34
3068, 84, 2, 3
3069, 10, 47, 78
3070, 8, 28, 26
3071, 43, 100, 63
3072, 55, 84, 33
3073, 16, 52, 75
3074, 15, 34, 8
3075, 66, 86, 36
3076, 7, 21, 78
3077, 9, 34, 89
3078, 48, 38, 15
3079, 64, 47, 16
3080, 18, 80, 37
3081, 78, 9, 40
3082, 98, 56, 18
3083, 7, 86, 95
3084, 79, 12, 56
3085, 30, 6, 13
3086, 54, 62, 40
3087, 7, 74, 56
3088, 3, 87, 91
3089, 69, 100, 13
3090, 80, 84, 67
3091, 58, 45, 10
3092, 50, 93, 50
3093, 41, 56, 3
3094, 6, 35, 22
3095, 65, 47, 51
3096, 53, 16, 9
3097, 17, 24, 15
3098, 45, 67, 93
3099, 43, 77, 0
3100, 40, 27, 4
3101, 20, 38, 80
3102, 39, 11, 95
3103, 13, 50, 71
3104, 24, 25, 63
3105, 45, 66, 71
3106, 60, 91, 60
3107, 19, 14, 93
3108, 55, 87, 65
3109, 97, 12, 1
3110, 13, 4, 11
3111, 28, 55, 12
3112, 11, 66, 20
3113, 65, 79, 45
3114, 56, 29, 60
3115, 38, 16, 82
3116, 5, 98, 71
3117, 10, 18, 49
3118, 40, 44, 57
3119, 70, 85, 43
3120, 17, 80, 51
3121, 27, 37, 41
3122, 95, 97, 7
3123, 73, 49, 3
3124, 51, 6, 71
3125, 0, 7, 79
3126, 3, 83, 65
3127, 65, 49, 69
3128, 72, 25, 22
3129, 81, 93, 40
3130, 3, 77, 58
3131, 13, 2, 55
3132, 60, 9, 65
3133, 99, 15, 76
3134, 14, 21, 88
3135, 54, 47, 71
3136, 94, 91, 16
3137, 16, 11, 52
3138, 63, 79, 48
3139, 66, 48, 51
3140, 80, 84, 74
3141, 44, 70, 2
3142, 31, 2, 25
3143, 22, 76, 81
3144, 9, 85, 74
3145, 56, 89, 58
3146, 21, 5, 9
3147, 12, 7, 10
3148, 34, 32, 4
3149, 57, 37, 2
3150, 36, 71, 55
3151, 20, 53, 87
3152, 88, 34, 13
3153, 14, 15, 74
3154, 12, 96, 91
3155, 43, 28, 1
3156, 59, 53, 12
3157, 43, 81, 31
3158, 66, 30, 96
3159, 34, 10, 87
3160, 6, 66, 25
3161, 76, 18, 10
3162, 38, 31, 4
3163, 83, 31, 68
3164, 26, 94, 23
3165, 100, 94, 87
3166, 29, 87, 42
3167, 3, 60, 9
3168, 15, 2, 38
3169, 7, 32, 65
3170, 84, 54, 37
3171, 71, 32, 66
3172, 71, 32, 31
3173, 79, 96, 46
3174, 46, 47, 53
3175, 73, 88, 5
3176, 100, 6, 86
3177, 60, 47, 40
3178, 2, 53, 79
3179, 83, 97, 26
3180, 62, 17, 62
3181, 46, 80, 94
3182, 45, 97, 61
3183, 30, 38, 11
3184, 35, 74, 35
3185, 93, 66, 94
3186, 57, 40, 13
3187, 18, 81, 20
3188, 30, 34, 91
3189, 8, 53, 12
3190, 41, 84, 35
3191, 2, 59, 14
3192, 77, 39, 18
3193, 1, 67, 100
3194, 23, 88, 46
3195, 23, 44, 14
3196, 98, 20, 3
3197, 30, 0, 43
3198, 95, 44, 49
3199, 95, 4, 4
3200, 60, 56, 6
3201, 81, 80, 92
3202, 2, 91, 74
3203, 24, 87, 32
3204, 12, 15, 1
3205, 10, 11, 21
3206, 69, 44, 87
3207, 81, 87, 10
3208, 22, 99, 33
3209, 33, 68, 7
3210, 78, 86, 48
3211, 1, 13, 71
3212, 43, 6, 58
3213, 38, 67, 43
3214, 1, 86, 63
3215, 71, 77, 19
3216, 99, 17, 43
3217, 19, 88, 24
3218, 68, 16, 22
3219, 100, 33, 34
3220, 27, 55, 30
3221, 10, 15, 76
3222, 69, 73, 29
3223, 2, 99, 36
3224, 0, 20, 82
3225, 74, 84, 38
3226, 23, 71, 44
3227, 100, 56, 31
3228, 2, 27, 74
3229, 79, 23, 42
3230, 56, 35, 77
3231, 64, 44, 10
3232, 77, 35, 50
3233, 88, 25, 53
3234, 2, 68, 77
3235, 18, 39, 78
3236, 63, 65, 59
3237, 23, 85, 74
3238, 23, 28, 75
3239, 5, 75, 82
3240, 11, 50, 68
3241, 27, 87, 78
3242, 13, 29, 79
3243, 77, 64, 6
3244, 93, 19, 71
3245, 66, 87, 6
3246, 35, 36, 67
3247, 85, 72, 46
3248, 3, 36, 6
3249, 98, 87, 1
3250, 39, 86, 22
3251, 10, 35, 91
3252, 76, 6, 70
3253, 4, 3, 33
3254, 100, 59, 33
3255, 63, 50, 97
3256, 45, 90, 51
3257, 18, 41, 17
3258, 14, 58, 22
3259, 6, 56, 63
3260, 41, 88, 92
3261, 46, 53, 24
3262, 50, 10, 81
3263, 23, 82, 27
3264, 62, 47, 2
3265, 26, 21, 44
3266, 12, 5, 2
3267, 44, 78, 80
3268, 13, 5, 14
3269, 25, 28, 47
3270, 11, 89, 46
3271, 66, 32, 59
3272, 19, 50, 22
3273, 4, 96, 73
3274, 5, 6, 88
3275, 78, 80, 30
3276, 68, 31, 87
3277, 34, 9, 78
3278, 51, 2, 83
3279, 9, 80, 9
3280, 1, 73, 32
3281, 79, 91, 45
3282, 82, 87, 50
3283, 31, 53, 30
3284, 4, 13, 39
3285, 85, 50, 84
3286, 12, 74, 99
3287, 74, 53, 11
3288, 87, 6, 96
3289, 18, 81, 32
3290, 39, 41, 13
3291, 80, 100, 75
3292, 97, 28, 88
3293, 33, 17, 12
3294, 55, 0, 34
3295, 44, 42, 13
3296, 86, 51, 60
3297, 21, 52, 50
3298, 8, 85, 9
3299, 21, 100, 25
3300, 61, 7, 23
3301, 16, 29, 13
3302, 41, 20, 80
3303, 91, 93, 14
3304, 99, 51, 87
3305, 97, 38, 78
3306, 16, 20, 93
3307, 85, 45, 0
3308, 8, 84, 98
3309, 75, 19, 83
3310, 29, 71, 78
3311, 81, 51, 6
3312, 13, 20, 10
3313, 80, 3, 57
3314, 34, 95, 65
3315, 84, 90, 33
3316, 3, 29, 54
3317, 35, 8, 67
3318, 9, 65, 48
3319, 87, 16, 99
3320, 50, 5, 64
3321, 97, 70, 21
3322, 70, 58, 98
3323, 96, 63, 12
3324, 99, 50, 92
3325, 24, 24, 87
3326, 10, 83, 62
3327, 90, 62, 76
3328, 56, 71, 70
3329, 69, 57, 61
3330, 87, 83, 2
3331, 60, 55, 92
3332, 52, 62, 86
3333, 45, 80, 99
3334, 37, 2, 25
3335, 39, 37, 5
3336, 97, 50, 60
3337, 54, 6, 2
3338, 80, 84, 49
3339, 95, 22, 97
3340, 58, 56, 93
3341, 15, 66, 29
3342, 97, 56, 31
3343, 0, 72, 96
3344, 76, 87, 63
3345, 7, 58, 93
3346, 58, 15, 63
3347, 88, 53, 10
3348, 7, 95, 45
3349, 48, 22, 31
3350, 53, 85, 44
3351, 52, 42, 16
3352, 86, 7, 10
3353, 23, 55, 45
3354, 69, 44, 61
3355, 99, 40, 40
3356, 69, 2, 91
3357, 56, 20, 57
3358, 34, 38, 35
3359, 50, 36, 1
3360, 60, 76, 98
3361, 43, 57, 2
3362, 88, 71, 74
3363, 49, 64, 19
3364, 59, 83, 47
3365, 70, 15, 41
3366, 14, 33, 32
3367, 19, 100, 39
3368, 49, 17, 39
3369, 22, 62, 25
3370, 29, 5, 100
3371, 43, 7, 11
3372, 87, 78, 86
3373, 11, 25, 80
3374, 9, 56, 11
3375, 72, 39, 84
3376, 42, 16, 28
3377, 68, 32, 7
3378, 74, 90, 43
3379, 72, 8, 3
3380, 59, 34, 90
3381, 73, 95, 6
3382, 65, 77, 50
3383, 96, 3, 88
3384, 76, 22, 70
3385, 6, 16, 45
3386, 87, 28, 65
3387, 72, 57, 0
3388, 9, 10, 81
3389, 20, 100, 4
3390, 68, 51, 20
3391, 89, 8, 66
3392, 4, 88, 70
3393, 12, 38, 84
3394, 91, 11, 92
3395, 28, 56, 88
3396, 93, 49, 21
3397, 92, 100, 7
3398, 11, 50, 91
3399, 45, 12, 4
3400, 94, 42, 77
3401, 52, 94, 13
3402, 9, 76, 66
3403, 64, 12, 54
3404, 23, 55, 78
3405, 30, 73, 92
3406, 85, 6, 8
3407, 27, 20, 29
3408, 63, 86, 46
3409, 27, 11, 100
3410, 64, 29, 88
3411, 63, 13, 34
3412, 2, 90, 57
3413, 15, 54, 81
3414, 93, 33, 84
3415, 37, 44, 6
3416, 93, 57, 29
3417, 16, 3, 8
3418, 75, 24, 61
3419, 21, 66, 69
3420, 47, 96, 37
3421, 16, 22, 29
3422, 63, 10, 74
3423, 57, 61, 49
3424, 65, 53, 68
3425, 74, 24, 40
3426, 75, 49, 72
3427, 99, 32, 16
3428, 91, 28, 14
3429, 15, 99, 78
3430, 39, 61, 76
3431, 67, 60, 86
3432, 84, 35, 23
3433, 92, 99, 75
3434, 22, 81, 48
3435, 41, 74, 22
3436, 94, 18, 75
3437, 72, 93, 14
3438, 0, 33, 39
3439, 72, 24, 96
3440, 10, 100, 37
3441, 96, 86, 43
3442, 28, 60, 93
3443, 51, 59, 28
3444, 71, 27, 10
3445, 56, 17, 21
3446, 37, 31, 96
3447, 3, 16, 9
3448, 63, 98, 77
3449, 29, 25, 0
3450, 27, 99, 83
3451, 27, 44, 5
3452, 60, 27, 20
3453, 17, 5, 40
3454, 39, 81, 39
3455, 34, 16, 74
3456, 18, 36, 58
3457, 37, 40, 96
3458, 0, 14, 13
3459, 85, 97, 39
3460, 37, 12, 15
3461, 96, 59, 6
3462, 29, 38, 52
3463, 75, 6, 1
3464, 99, 81, 49
3465, 27, 63, 33
3466, 60, 76, 36
3467, 29, 11, 32
3468, 26, 19, 1
3469, 21, 16, 26
3470, 98, 63, 62
3471, 62, 59, 61
3472, 86, 43, 97
3473, 79, 70, 73
3474, 55, 30, 43
3475, 94, 81, 28
3476, 63, 41, 39
3477, 73, 11, 85
3478, 85, 44, 16
3479, 81, 57, 52
3480, 95, 40, 27
3481, 15, 38, 24
3482, 76, 36, 88
3483, 91, 91, 52
3484, 100, 90, 83
3485, 61, 73, 38
3486, 2, 44, 74
3487, 74, 75, 15
3488, 82, 18, 79
3489, 61, 38, 87
3490, 52, 30, 94
3491, 30, 76, 50
3492, 50, 89, 80
3493, 69, 0, 85
3494, 58, 17, 91
3495, 62, 86, 94
3496, 40, 55, 98
3497, 25, 64, 94
3498, 35, 89, 37
3499, 0, 9, 88
3500, 16, 5, 84
3501, 14, 38, 23
3502, 4, 46, 82
3503, 3, 23, 89
3504, 74, 91, 19
3505, 1, 9, 63
3506, 25, 20, 73
3507, 69, 81, 72
3508, 30, 46, 67
3509, 50, 22, 41
3510, 76, 19, 44
3511, 96, 51, 73
3512, 56, 12, 35
3513, 38, 97, 30
3514, 42, 94, 55
3515, 9, 32, 88
3516, 40, 74, 97
3517, 98, 14, 27
3518, 28, 74, 27
3519, 24, 44, 60
3520, 3, 40, 91
3521, 79, 23, 68
3522, 71, 0, 3
3523, 30, 54, 20
3524, 92, 37, 72
3525, 21, 6, 13
3526, 30, 60, 100
3527, 24, 74, 81
3528, 59, 48, 14
3529, 96, 64, 40
3530, 53, 55, 83
3531, 82, 33, 87
3532, 38, 1, 21
3533, 34, 50, 9
3534, 61, 92, 52
3535, 72, 18, 2
3536, 79, 8, 83
3537, 40, 56, 34
3538, 14, 17, 14
3539, 100, 8, 8
3540, 98, 46, 84
3541, 91, 62, 52
3542, 66, 59, 59
3543, 66, 16, 29
3544, 70, 78, 71
3545, 82, 12, 99
3546, 83, 4, 46
3547, 49, 70, 0
3548, 81, 27, 25
3549, 97, 12, 82
3550, 56, 47, 1
3551, 55, 57, 51
3552, 31, 43, 68
3553, 91, 92, 54
3554, 88, 40, 30
3555, 80, 36, 25
3556, 37, 67, 51
3557, 26, 54, 7
3558, 45, 25, 48
3559, 90, 51, 44
3560, 58, 45, 71
3561, 4, 70, 98
3562, 36, 19, 61
3563, 99, 53, 76
3564, 54, 91, 27
3565, 18, 11, 67
3566, 11, 56, 7
3567, 79, 60, 5
3568, 94, 86, 84
3569, 7, 59, 15
3570, 46, 60, 81
3571, 21, 35, 35
3572, 72, 72, 54
3573, 4, 14, 50
3574, 26, 53, 63
3575, 39, 8, 31
3576, 9, 50, 27
3577, 32, 89, 19
3578, 46, 31, 65
3579, 46, 76, 82
3580, 71, 40, 93
3581, 64, 54, 41
3582, 98, 88, 47
3583, 27, 28, 75
3584, 56, 53, 96
3585, 42, 19, 31
3586, 82, 22, 58
3587, 23, 47, 42
3588, 36, 56, 57
3589, 52, 58, 52
3590, 64, 98, 70
3591, 15, 45, 79
3592, 11, 31, 39
3593, 96, 92, 56
3594, 83, 4, 14
3595, 20, 34, 52
3596, 75, 42, 64
3597, 58, 19, 39
3598, 69, 9, 93
3599, 82, 57, 73
3600, 44, 89, 55
3601, 22, 98, 74
3602, 75, 21, 43
3603, 10, 34, 88
3604, 50, 94, 41
3605, 94, 27, 71
3606, 39, 68, 30
3607, 9, 66, 27
3608, 30, 71, 8
3609, 96, 34, 48
3610, 49, 16, 38
3611, 90, 88, 81
3612, 35, 81, 17
3613, 15, 69, 93
3614, 84, 41, 18
3615, 79, 49, 90
3616, 54, 46, 9
3617, 41, 65, 90
3618, 63, 83, 27
3619, 96, 30, 9
3620, 10, 21, 63
3621, 99, 39, 5
3622, 55, 60, 14
3623, 47, 10, 52
3624, 2, 27, 19
3625, 60, 54, 25
3626, 59, 12, 85
3627, 98, 51, 70
3628, 23, 30, 22
3629, 64, 9, 91
3630, 4, 64, 84
3631, 61, 41, 97
3632, 63, 45, 2
3633, 4, 96, 58
3634, 52, 51, 61
3635, 35, 68, 94
3636, 60, 54, 9
3637, 51, 88, 70
3638, 22, 4, 38
3639, 80, 12, 8
3640, 18, 35, 48
3641, 32, 84, 85
3642, 76, 85, 67
3643, 39, 42, 72
3644, 79, 30, 43
3645, 55, 19, 76
3646, 12, 42, 48
3647, 69, 56, 1
3648, 34, 49, 44
3649, 32, 96, 65
3650, 26, 48, 40
3651, 9, 8, 46
3652, 72, 48, 49
3653, 14, 51, 81
3654, 51, 54, 100
3655, 97, 64, 52
3656, 47, 77, 75
3657, 86, 7, 83
3658, 57, 33, 34
3659, 45, 62, 29
3660, 51, 8, 73
3661, 13, 42, 100
3662, 26, 91, 48
3663, 67, 22, 63
3664, 73, 28, 85
3665, 9, 27, 10
3666, 70, 52, 54
3667, 55, 34, 31
3668, 1, 5, 19
3669, 12, 89, 81
3670, 59, 74, 66
3671, 39, 57, 80
3672, 58, 55, 31
3673, 15, 47, 77
3674, 51, 65, 28
3675, 16, 45, 39
3676, 82, 62, 58
3677, 15, 3, 70
3678, 42, 52, 82
3679, 15, 15, 24
3680, 67, 81, 35
3681, 26, 99, 81
3682, 39, 38, 20
3683, 66, 11, 36
3684, 8, 0, 85
3685, 22, 48, 85
3686, 28, 57, 52
3687, 27, 55, 9
3688, 82, 32, 87
3689, 92, 17, 55
3690, 68, 74, 47
3691, 83, 62, 51
3692, 17, 66, 63
3693, 69, 51, 82
3694, 38, 95, 41
3695, 12, 72, 72
3696, 42, 70, 99
3697, 75, 78, 4
3698, 83, 11, 58
3699, 79, 61, 19
3700, 73, 35, 73
3701, 89, 48, 49
3702, 21, 71, 54
3703, 47, 60, 9
3704, 87, 89, 41
3705, 36, 81, 82
3706, 92, 77, 76
3707, 75, 44, 25
3708, 31, 95, 39
3709, 40, 1, 12
3710, 62, 59, 34
3711, 62, 89, 73
3712, 85, 85, 42
3713, 41, 26, 36
3714, 47, 90, 86
3715, 52, 63, 19
3716, 14, 38, 60
3717, 4, 24, 92
3718, 56, 2, 59
3719, 75, 100, 23
3720, 79, 44, 26
3721, 88, 38, 98
3722, 94, 15, 60
3723, 47, 95, 58
3724, 93, 13, 86
3725, 27, 70, 51
3726, 28, 30, 29
3727, 47, 32, 95
3728, 56, 34, 77
3729, 52, 10, 64
3730, 91, 75, 15
3731, 98, 18, 99
3732, 14, 8, 40
3733, 85, 7, 57
3734, 90, 12, 8
3735, 3, 53, 59
3736, 14, 79, 100
3737, 59, 8, 86
3738, 79, 33, 69
3739, 62, 65, 16
3740, 16, 27, 68
3741, 98, 52, 96
3742, 16, 67, 63
3743, 20, 68, 96
3744, 64, 4, 77
3745, 17, 83, 18
3746, 93, 23, 50
3747, 78, 0, 95
3748, 37, 72, 70
3749, 21, 96, 2
3750, 63, 19, 92
3751, 58, 78, 38
3752, 14, 70, 16
3753, 37, 24, 1
3754, 100, 36, 29
3755, 36, 68, 3
3756, 18, 68, 56
3757, 60, 21, 68
3758, 24, 6, 0
3759, 68, 24, 20
3760, 62, 1, 14
3761, 38, 90, 82
3762, 72, 9, 70
3763, 27, 3, 49
3764, 65, 16, 0
3765, 22, 67, 81
3766, 95, 69, 53
3767, 92, 25, 45
3768, 61, 88, 66
3769, 100, 18, 88
3770, 12, 87, 72
3771, 71, 28, 90
3772, 31, 95, 4
3773, 81, 8, 100
3774, 67, 50, 91
3775, 75, 34, 74
3776, 76, 55, 27
3777, 43, 2, 81
3778, 45, 1, 72
3779, 74, 12, 74
3780, 46, 76, 89
3781, 67, 90, 69
3782, 53, 30, 64
3783, 100, 2, 30
3784, 14, 26, 24
3785, 77, 12, 81
3786, 27, 52, 20
3787, 76, 31, 59
3788, 7, 5, 56
3789, 14, 47, 67
3790, 11, 38, 79
3791, 66, 74, 76
3792, 16, 33, 14
3793, 55, 87, 67
3794, 55, 46, 63
3795, 13, 15, 12
3796, 0, 55, 63
3797, 25, 32, 51
3798, 56, 43, 19
3799, 99, 15, 34
3800, 93, 53, 70
3801, 89, 80, 13
3802, 77, 49, 46
3803, 93, 73, 85
3804, 0, 31, 31
3805, 84, 68, 95
3806, 50, 44, 13
3807, 76, 58, 18
3808, 13, 5, 61
3809, 54, 24, 15
3810, 77, 84, 12
3811, 42, 91, 88
3812, 84, 43, 18
3813, 39, 51, 0
3814, 49, 19, 71
3815, 56, 80, 28
3816, 11, 92, 61
3817, 24, 89, 72
3818, 73, 29, 63
3819, 6, 86, 12
3820, 8, 18, 20
3821, 40, 86, 76
3822, 14, 3, 46
3823, 29, 59, 57
3824, 50, 76, 55
3825, 32, 76, 30
3826, 8, 97, 59
3827, 53, 87, 53
3828, 8, 86, 68
3829, 78, 12, 69
3830, 13, 96, 16
3831, 69, 34, 23
3832, 1, 77, 60
3833, 17, 81, 11
3834, 96, 45, 72
3835, 81, 20, 11
3836, 23, 21, 89
3837, 89, 99, 14
3838, 63, 27, 84
3839, 25, 76, 75
3840, 0, 24, 77
3841, 16, 78, 41
3842, 61, 88, 29
3843, 21, 87, 18
3844, 56, 90, 57
3845, 83, 94, 42
3846, 99, 3, 50
3847, 100, 94, 43
3848, 50, 13, 66
3849, 58, 82, 25
3850, 7, 7, 87
3851, 68, 1, 55
3852, 67, 99, 60
3853, 64, 58, 100
3854, 53, 48, 54
3855, 52, 58, 71
3856, 19, 60, 1
3857, 48, 31, 17
3858, 78, 22, 16
3859, 100, 91, 86
3860, 65, 11, 69
3861, 86, 25, 20
3862, 12, 84, 24
3863, 89, 95, 80
3864, 13, 77, 66
3865, 13, 12, 16
3866, 14, 23, 5
3867, 68, 17, 35
3868, 26, 85, 49
3869, 2, 54, 28
3870, 85, 71, 47
3871, 8, 64, 98
3872, 78, 58, 81
3873, 20, 38, 1
3874, 51, 47, 98
3875, 32, 22, 85
3876, 20, 61, 19
3877, 26, 52, 46
3878, 14, 41, 68
3879, 65, 79, 8
3880, 98, 42, 19
3881, 92, 93, 26
3882, 8, 2, 59
3883, 87, 77, 37
3884, 93, 73, 76
3885, 51, 82, 93
3886, 30, 81, 5
3887, 3, 5, 14
3888, 38, 87, 27
3889, 24, 34, 33
3890, 53, 63, 57
3891, 18, 73, 6
3892, 28, 95, 42
3893, 58, 9, 81
3894, 39, 46, 74
3895, 6, 28, 95
3896, 25, 99, 96
3897, 25, 49, 9
3898, 86, 44, 30
3899, 25, 0, 81
3900, 10, 50, 84
3901, 52, 66, 77
3902, 21, 92, 7
3903, 13, 18, 97
3904, 48, 61, 13
3905, 41, 93, 43
3906, 34, 85, 48
3907, 76, 71, 58
3908, 79, 37, 79
3909, 65, 9, 21
3910, 24, 52, 18
3911, 39, 76, 1
3912, 0, 4, 27
3913, 58, 26, 38
3914, 48, 31, 3
3915, 44, 24, 52
3916, 33, 34, 25
3917, 10, 81, 41
3918, 73, 27, 3
3919, 89, 10, 92
3920, 82, 24, 10
3921, 17, 98, 4
3922, 16, 10, 75
3923, 98, 67, 58
3924, 77, 74, 48
3925, 44, 89, 68
3926, 0, 15, 36
3927, 6, 97, 0
3928, 75, 74, 45
3929, 90, 3, 48
3930, 81, 73, 16
3931, 65, 62, 9
3932, 30, 28, 33
3933, 84, 15, 57
3934, 5, 67, 2
3935, 10, 22, 82
3936, 35, 21, 85
3937, 91, 16, 6
3938, 90, 44, 53
3939, 30, 95, 7
3940, 70, 95, 72
3941, 84, 63, 17
3942, 51, 70, 4
3943, 71, 12, 0
3944, 34, 97, 39
3945, 4, 74, 34
3946, 58, 25, 72
3947, 34, 90, 76
3948, 35, 41, 44
3949, 34, 31, 70
3950, 11, 62, 74
3951, 16, 36, 22
3952, 90, 3, 21
3953, 24, 41, 19
3954, 15, 14, 19
3955, 27, 41, 66
3956, 6, 87, 91
3957, 96, 9, 71
3958, 81, 51, 51
3959, 53, 53, 5
3960, 16, 75, 61
3961, 43, 71, 9
3962, 9, 57, 35
3963, 59, 49, 11
3964, 89, 27, 53
3965, 24, 27, 36
3966, 18, 44, 84
3967, 27, 5, 87
3968, 48, 59, 30
3969, 100, 92, 72
3970, 71, 47, 19
3971, 88, 43, 88
3972, 34, 19, 75
3973, 43, 99, 57
3974, 11, 62, 44
3975, 66, 22, 75
3976, 23, 3, 45
3977, 69, 14, 15
3978, 64, 64, 20
3979, 92, 15, 19
3980, 8, 48, 19
3981, 5, 90, 6
3982, 58, 59, 19
3983, 53, 11, 11
3984, 94, 40, 11
3985, 18, 5, 65
3986, 50, 68, 2
3987, 48, 76, 91
3988, 7, 81, 79
3989, 48, 86, 90
3990, 23, 25, 90
3991, 84, 96, 86
3992, 55, 53, 51
3993, 93, 90, 32
3994, 65, 60, 69
3995, 13, 79, 26
3996, 78, 41, 42
3997, 28, 53, 68
3998, 7, 66, 5
3999, 92, 63, 33
4000, 89, 58, 76
4001, 85, 24, 52
4002, 22, 8, 14
4003, 13, 13, 83
4004, 60, 72, 93
4005, 62, 53, 53
4006, 91, 90, 29
4007, 90, 70, 86
4008, 94, 3, 2
4009, 29, 15, 72
4010, 54, 58, 82
4011, 46, 96, 82
4012, 74, 58, 78
4013, 37, 50, 13
4014, 81, 93, 82
4015, 43, 14, 47
4016, 62, 95, 5
4017, 69, 87, 38
4018, 100, 27, 34
4019, 84, 28, 84
4020, 20, 65, 30
4021, 34, 25, 49
4022, 99, 82, 24
4023, 62, 33, 70
4024, 61, 16, 65
4025, 13, 2, 47
4026, 41, 48, 50
4027, 10, 6, 65
4028, 21, 86, 60
4029, 97, 14, 42
4030, 99, 90, 35
4031, 56, 95, 39
4032, 63, 5, 70
4033, 6, 91, 66
4034, 5, 45, 67
4035, 0, 17, 59
4036, 33, 13, 31
4037, 91, 97, 24
4038, 20, 25, 3
4039, 0, 72, 52
4040, 22, 16, 88
4041, 70, 32, 80
4042, 29, 94, 91
4043, 56, 64, 82
4044, 92, 40, 57
4045, 50, 24, 17
4046, 28, 20, 87
4047, 83, 90, 3
4048, 91, 25, 94
4049, 70, 91, 56
4050, 18, 52, 27
4051, 6, 57, 33
4052, 61, 9, 5
4053, 18, 88, 44
4054, 14, 95, 42
4055, 34, 22, 56
4056, 76, 20, 85
4057, 29, 61, 59
4058, 92, 59, 51
4059, 72, 40, 48
4060, 84, 80, 4
4061, 57, 1, 66
4062, 32, 15, 57
4063, 49, 31, 31
4064, 65, 58, 10
4065, 67, 65, 34
4066, 53, 17, 61
4067, 3, 44, 16
4068, 57, 38, 95
4069, 72, 93, 6
4070, 59, 87, 61
4071, 58, 30, 0
4072, 40, 2, 9
4073, 66, 90, 88
4074, 31, 16, 36
4075, 89, 82, 30
4076, 86, 76, 36
4077, 62, 100, 41
4078, 70, 50, 46
4079, 70, 56, 3
4080, 10, 37, 6
4081, 60, 57, 67
4082, 79, 37, 99
4083, 12, 80, 33
4084, 73, 18, 4
4085, 34, 23, 56
4086, 80, 52, 95
4087, 92, 11, 77
4088, 86, 70, 6
4089, 75, 96, 26
4090, 11, 32, 17
4091, 18, 30, 48
4092, 41, 11, 31
4093, 38, 35, 86
4094, 88, 63, 1
4095, 59, 58, 27
4096, 6, 71, 84
4097, 0, 86, 47
4098, 68, 28, 68
4099, 95, 81, 12
4100, 82, 30, 8
4101, 6, 37, 41
4102, 34, 33, 77
4103, 98, 86, 46
4104, 20, 19, 57
4105, 68, 66, 27
4106, 79, 21, 78
4107, 26, 13, 95
4108, 43, 41, 48
4109, 48, 76, 83
4110, 70, 14, 11
4111, 4, 7, 21
4112, 40, 52, 44
4113, 47, 81, 59
4114, 40, 97, 100
4115, 52, 51, 28
4116, 74, 21, 93
4117, 55, 47, 23
4118, 62, 100, 94
4119, 9, 68, 35
4120, 83, 61, 27
4121, 93, 95, 61
4122, 51, 11, 55
4123, 82, 28, 11
4124, 32, 18, 9
4125, 62, 3, 96
4126, 19, 17, 18
4127, 60, 95, 72
4128, 60, 34, 39
4129, 7, 29, 55
4130, 52, 63, 62
4131, 95, 24, 68
4132, 48, 66, 25
4133, 22, 88, 11
4134, 96, 70, 7
4135, 92, 99, 56
4136, 6, 72, 38
4137, 87, 4, 70
4138, 11, 40, 84
4139, 8, 76, 25
4140, 24, 29, 63
4141, 76, 67, 47
4142, 26, 100, 96
4143, 29, 76, 47
4144, 59, 53, 92
4145, 41, 17, 82
4146, 31, 5, 87
4147, 80, 10, 4
4148, 34, 34, 54
4149, 2, 17, 47
4150, 97, 50, 94
4151, 19, 13, 60
4152, 30, 79, 36
4153, 70, 2, 61
4154, 96, 38, 90
4155, 63, 67, 5
4156, 70, 51, 91
4157, 57, 50, 7
4158, 68, 1, 87
4159, 51, 89, 71
4160, 92, 77, 20
4161, 0, 87, 40
4162, 32, 47, 2
4163, 51, 39, 17
4164, 73, 54, 37
4165, 48, 99, 23
4166, 28, 76, 35
4167, 29, 52, 68
4168, 24, 39, 1
4169, 80, 92, 34
4170, 15, 6, 89
4171, 70, 44, 13
4172, 50, 12, 93
4173, 64, 82, 27
4174, 20, 76, 75
4175, 30, 1, 80
4176, 81, 92, 1
4177, 90, 26, 80
4178, 41, 59, 41
4179, 93, 34, 48
4180, 65, 96, 89
4181, 62, 34, 9
4182, 36, 22, 97
4183, 89, 9, 27
4184, 38, 45, 35
4185, 96, 63, 23
4186, 28, 28, 57
4187, 47, 9, 57
4188, 9, 12, 46
4189, 10, 50, 30
4190, 10, 24, 43
4191, 45, 100, 60
4192, 11, 41, 13
4193, 63, 72, 13
4194, 8, 10, 15
4195, 41, 78, 0
4196, 33, 42, 95
4197, 12, 55, 79
4198, 89, 2, 64
4199, 37, 55, 24
4200, 7, 38, 71
4201, 82, 43, 69
4202, 58, 49, 38
4203, 21, 43, 8
4204, 19, 46, 99
4205, 22, 78, 92
4206, 5, 51, 85
4207, 46, 2, 80
4208, 53, 14, 36
4209, 80, 18, 95
4210, 50, 56, 81
4211, 6, 4, 80
4212, 93, 41, 89
4213, 67, 29, 70
4214, 27, 10, 86
4215, 28, 56, 4
4216, 40, 58, 53
4217, 76, 57, 64
4218, 79, 46, 92
4219, 95, 82, 58
4220, 86, 5, 27
4221, 80, 77, 24
4222, 15, 78, 95
4223, 59, 85, 30
4224, 25, 10, 15
4225, 7, 12, 25
4226, 87, 56, 86
4227, 90, 97, 62
4228, 58, 61, 43
4229, 84, 89, 2
4230, 19, 96, 33
4231, 70, 56, 64
4232, 24, 8, 51
4233, 10, 83, 41
4234, 70, 54, 72
4235, 44, 90, 98
4236, 87, 29, 11
4237, 73, 13, 82
4238, 62, 35, 63
4239, 10, 80, 6
4240, 21, 61, 72
4241, 2, 6, 63
4242, 51, 17, 6
4243, 45, 92, 87
4244, 15, 43, 5
4245, 58, 20, 40
4246, 89, 55, 87
4247, 52, 14, 90
4248, 53, 62, 77
4249, 79, 43, 48
4250, 41, 33, 75
4251, 57, 64, 91
4252, 36, 77, 25
4253, 50, 42, 8
4254, 86, 26, 94
4255, 16, 29, 32
4256, 23, 81, 41
4257, 10, 94, 18
4258, 39, 56, 53
4259, 23, 81, 69
4260, 98, 37, 62
4261, 69, 98, 26
4262, 40, 76, 96
4263, 85, 26, 4
4264, 20, 16, 58
4265, 37, 66, 35
4266, 51, 47, 57
4267, 52, 77, 3
4268, 86, 40, 32
4269, 80, 48, 5
4270, 78, 84, 22
4271, 65, 25, 51
4272, 76, 70, 91
4273, 73, 99, 79
4274, 31, 45, 73
4275, 69, 16, 72
4276, 87, 82, 18
4277, 33, 81, 30
4278, 98, 49, 56
4279, 1, 5, 62
4280, 81, 40, 63
4281, 50, 73, 46
4282, 16, 87, 1
4283, 89, 78, 43
4284, 86, 63, 100
4285, 58, 33, 84
4286, 82, 18, 96
4287, 65, 100, 63
4288, 26, 76, 96
4289, 96, 62, 46
4290, 19, 36, 15
4291, 69, 33, 20
4292, 92, 25, 95
4293, 82, 34, 20
4294, 90, 85, 68
4295, 16, 68, 3
4296, 0, 0, 20
4297, 33, 60, 84
4298, 77, 7, 99
4299, 34, 25, 62
4300, 38, 32, 68
4301, 17, 38, 92
4302, 94, 73, 81
4303, 67, 29, 67
4304, 89, 81, 13
4305, 62, 67, 54
4306, 40, 81, 11
4307, 61, 36, 29
4308, 32, 56, 95
4309, 4, 21, 4
4310, 26, 21, 44
4311, 96, 83, 72
4312, 20, 58, 11
4313, 32, 81, 55
4314, 63, 59, 57
4315, 57, 32, 94
4316, 17, 40, 83
4317, 4, 42, 82
4318, 86, 11, 6
4319, 73, 5, 30
4320, 53, 82, 64
4321, 64, 29, 80
4322, 19, 26, 5
4323, 26, 48, 49
4324, 6, 41, 56
4325, 9, 100, 52
4326, 46, 95, 25
4327, 86, 52, 81
4328, 90, 18, 30
4329, 88, 0, 41
4330, 92, 41, 88
4331, 79, 71, 63
4332, 46, 1, 38
4333, 63, 23, 20
4334, 90, 18, 68
4335, 87, 36, 16
4336, 40, 83, 66
4337, 52, 85, 31
4338, 50, 34, 29
4339, 7, 50, 9
4340, 49, 93, 77
4341, 15, 44, 57
4342, 62, 53, 58
4343, 99, 90, 21
4344, 49, 27, 38
4345, 1, 24, 46
4346, 67, 3, 21
4347, 8, 14, 89
4348, 66, 59, 62
4349, 2, 85, 63
4350, 43, 95, 29
4351, 95, 22, 51
4352, 12, 5, 5
4353, 98, 44, 28
4354, 60, 38, 63
4355, 20, 71, 95
4356, 0, 8, 51
4357, 69, 56, 78
4358, 23, 50, 21
4359, 5, 5, 44
4360, 13, 84, 31
4361, 75, 23, 48
4362, 96, 64, 15
4363, 22, 39, 14
4364, 65, 17, 35
4365, 80, 11, 10
4366, 25, 62, 84
4367, 55, 50, 45
4368, 20, 20, 26
4369, 60, 95, 53
4370, 50, 28, 18
4371, 28, 95, 17
4372, 72, 94, 78
4373, 90, 1, 70
4374, 82, 53, 90
4375, 40, 16, 18
4376, 82, 77, 71
4377, 44, 91, 3
4378, 64, 89, 24
4379, 9, 2, 97
4380, 74, 59, 12
4381, 30, 13, 27
4382, 62, 47, 78
4383, 29, 80, 44
4384, 50, 63, 26
4385, 10, 20, 49
4386, 61, 44, 55
4387, 39, 76, 53
4388, 58, 14, 62
4389, 27, 64, 25
4390, 14, 68, 7
4391, 50, 87, 76
4392, 53, 39, 0
4393, 30, 55, 90
4394, 73, 58, 15
4395, 13, 23, 21
4396, 3, 0, 92
4397, 27, 0, 61
4398, 21, 80, 60
4399, 34, 34, 19
4400, 49, 0, 100
4401, 95, 87, 71
4402, 24, 59, 86
4403, 4, 15, 73
4404, 90, 96, 85
4405, 14, 98, 23
4406, 12, 51, 93
4407, 16, 64, 70
4408, 81, 46, 37
4409, 59, 57, 85
4410, 70, 14, 34
4411, 61, 24, 85
4412, 91, 52, 49
4413, 61, 20, 97
4414, 20, 37, 88
4415, 100, 35, 91
4416, 82, 11, 33
4417, 30, 10, 73
4418, 93, 93, 74
4419, 91, 12, 86
4420, 24, 15, 53
4421, 74, 54, 14
4422, 10, 6, 38
4423, 97, 32, 58
4424, 92, 91, 34
4425, 100, 71, 70
4426, 28, 60, 82
4427, 31, 64, 1
4428, 80, 94, 69
4429, 20, 79, 87
4430, 12, 48, 0
4431, 75, 11, 32
4432, 25, 38, 30
4433, 92, 60, 86
4434, 31, 35, 89
4435, 43, 54, 31
4436, 63, 84, 41
4437, 54, 88, 27
4438, 88, 53, 44
4439, 76, 35, 40
4440, 90, 44, 72
4441, 35, 78, 13
4442, 63, 23, 77
4443, 11, 52, 16
4444, 38, 40, 44
4445, 47, 74, 94
4446, 19, 48, 55
4447, 66, 7, 63
4448, 95, 0, 73
4449, 89, 40, 82
4450, 75, 33, 4
4451, 64, 16, 16
4452, 30, 31, 10
4453, 10, 44, 18
4454, 53, 13, 9
4455, 83, 18, 85
4456, 84, 77, 48
4457, 1, 100, 11
4458, 16, 28, 60
4459, 62, 17, 42
4460, 28, 31, 24
4461, 8, 70, 12
4462, 85, 60, 70
4463, 76, 11, 3
4464, 80, 89, 26
4465, 40, 72, 1
4466, 52, 71, 20
4467, 35, 24, 45
4468, 20, 100, 61
4469, 23, 77, 38
4470, 16, 44, 33
4471, 5, 58, 51
4472, 4, 90, 9
4473, 94, 56, 54
4474, 0, 69, 29
4475, 94, 91, 53
4476, 61, 31, 98
4477, 56, 42, 32
4478, 7, 71, 6
4479, 47, 1, 48
4480, 60, 71, 12
4481, 8, 59, 7
4482, 19, 85, 16
4483, 12, 65, 34
4484, 2, 61, 71
4485, 24, 12, 7
4486, 60, 50, 29
4487, 84, 86, 69
4488, 57, 58, 85
4489, 12, 65, 21
4490, 58, 88, 39
4491, 76, 87, 100
4492, 30, 7, 18
4493, 55, 67, 24
4494, 94, 72, 79
4495, 87, 50, 51
4496, 91, 40, 34
4497, 9, 41, 8
4498, 3, 98, 63
4499, 45, 95, 88
4500, 70, 93, 88
4501, 35, 67, 26
4502, 34, 25, 50
4503, 60, 0, 63
4504, 95, 53, 4
4505, 80, 82, 73
4506, 35, 26, 9
4507, 47, 12, 20
4508, 98, 97, 89
4509, 36, 65, 14
4510, 12, 78, 65
4511, 73, 60, 87
4512, 90, 66, 14
4513, 8, 3, 59
4514, 14, 92, 44
4515, 32, 90, 83
4516, 98, 34, 13
4517, 58, 20, 82
4518, 72, 74, 63
4519, 30, 44, 65
4520, 23, 55, 39
4521, 25, 29, 18
4522, 16, 99, 53
4523, 25, 26, 98
4524, 74, 97, 100
4525, 74, 70, 58
4526, 72, 12, 29
4527, 77, 24, 75
4528, 100, 61, 21
4529, 100, 36, 49
4530, 85, 66, 91
4531, 19, 80, 86
4532, 30, 15, 95
4533, 99, 92, 94
4534, 51, 97, 66
4535, 65, 50, 31
4536, 53, 10, 25
4537, 40, 8, 31
4538, 31, 87, 60
4539, 50, 55, 43
4540, 40, 57, 63
4541, 60, 45, 38
4542, 70, 76, 16
4543, 40, 17, 74
4544, 32, 100, 60
4545, 29, 51, 70
4546, 5, 1, 13
4547, 100, 85, 15
4548, 88, 58, 15
4549, 52, 60, 51
4550, 8, 67, 66
4551, 97, 24, 26
4552, 37, 77, 73
4553, 33, 58, 91
4554, 75, 48, 60
4555, 48, 72, 28
4556, 75, 71, 76
4557, 63, 60, 45
4558, 34, 87, 2
4559, 75, 15, 53
4560, 15, 51, 18
4561, 87, 13, 49
4562, 80, 74, 57
4563, 4, 7, 87
4564, 49, 97, 24
4565, 3, 12, 65
4566, 56, 42, 10
4567, 9, 7, 52
4568, 62, 77, 17
4569, 25, 68, 68
4570, 85, 57, 78
4571, 18, 45, 16
4572, 19, 51, 57
4573, 37, 100, 89
4574, 4, 46, 81
4575, 28, 44, 54
4576, 83, 36, 5
4577, 54, 21, 65
4578, 64, 58, 40
4579, 21, 50, 56
4580, 33, 88, 27
4581, 98, 74, 60
4582, 5, 92, 76
4583, 2, 20, 94
4584, 37, 76, 0
4585, 94, 70, 5
4586, 38, 36, 75
4587, 52, 99, 32
4588, 60, 23, 20
4589, 94, 93, 22
4590, 58, 33, 63
4591, 6, 90, 95
4592, 56, 37, 60
4593, 71, 37, 56
4594, 1, 99, 8
4595, 88, 25, 51
4596, 0, 56, 50
4597, 52, 31, 62
4598, 78, 25, 52
4599, 75, 69, 58
4600, 4, 76, 64
4601, 34, 79, 15
4602, 49, 50, 70
4603, 52, 15, 73
4604, 47, 97, 97
4605, 5, 46, 44
4606, 34, 100, 99
4607, 71, 69, 66
4608, 30, 64, 54
4609, 31, 87, 38
4610, 19, 64, 15
4611, 54, 79, 45
4612, 38, 88, 55
4613, 36, 51, 97
4614, 24, 83, 91
4615, 14, 7, 100
4616, 56, 14, 57
4617, 17, 92, 55
4618, 58, 41, 3
4619, 27, 48, 27
4620, 78, 48, 2
4621, 87, 46, 50
4622, 73, 96, 76
4623, 46, 58, 85
4624, 74, 100, 10
4625, 72, 84, 16
4626, 75, 49, 19
4627, 98, 82, 60
4628, 0, 90, 14
4629, 98, 20, 85
4630, 65, 5, 31
4631, 63, 89, 74
4632, 2, 94, 6
4633, 24, 44, 64
4634, 23, 11, 63
4635, 53, 2, 19
4636, 72, 23, 81
4637, 41, 41, 7
4638, 40, 64, 6
4639, 77, 24, 100
4640, 90, 23, 7
4641, 77, 0, 99
4642, 53, 18, 32
4643, 12, 91, 45
4644, 57, 85, 41
4645, 13, 60, 62
4646, 63, 89, 35
4647, 3, 84, 15
4648, 68, 36, 35
4649, 10, 98, 80
4650, 10, 86, 27
4651, 88, 53, 26
4652, 63, 88, 70
4653, 0, 30, 2
4654, 91, 88, 11
4655, 97, 51, 42
4656, 54, 62, 94
4657, 52, 39, 70
4658, 1, 35, 84
4659, 10, 99, 44
4660, 76, 67, 72
4661, 100, 81, 20
4662, 39, 87, 65
4663, 96, 33, 15
4664, 34, 41, 84
4665, 53, 43, 68
4666, 58, 98, 95
4667, 16, 86, 11
4668, 30, 65, 31
4669, 100, 40, 88
4670, 44, 95, 5
4671, 95, 83, 96
4672, 52, 86, 2
4673, 1, 25, 69
4674, 65, 46, 3
4675, 38, 89, 65
4676, 60, 4, 28
4677, 39, 46, 78
4678, 64, 65, 29
4679, 37, 43, 54
4680, 14, 90, 32
4681, 31, 16, 35
4682, 62, 30, 95
4683, 96, 62, 55
4684, 64, 95, 23
4685, 6, 38, 88
4686, 25, 44, 16
4687, 16, 7, 1
4688, 79, 95, 36
4689, 11, 61, 28
4690, 49, 53, 84
4691, 27, 35, 51
4692, 89, 89, 4
4693, 21, 100, 7
4694, 98, 29, 8
4695, 66, 21, 0
4696, 62, 77, 43
4697, 94, 6, 61
4698, 54, 70, 46
4699, 75, 27, 99
4700, 12, 21, 84
4701, 41, 32, 97
4702, 58, 71, 45
4703, 75, 62, 14
4704, 5, 22, 12
4705, 60, 58, 18
4706, 61, 23, 76
4707, 22, 9, 66
4708, 20, 77, 47
4709, 24, 4, 51
4710, 98, 5, 66
4711, 26, 84, 18
4712, 31, 92, 87
4713, 68, 61, 45
4714, 100, 6, 60
4715, 33, 92, 12
4716, 96, 11, 82
4717, 46, 84, 31
4718, 70, 32, 37
4719, 71, 15, 79
4720, 29, 48, 78
4721, 45, 85, 10
4722, 81, 27, 76
4723, 63, 17, 6
4724, 51, 90, 61
4725, 100, 21, 95
4726, 98, 49, 38
4727, 71, 37, 8
4728, 91, 1, 64
4729, 67, 5, 59
4730, 23, 87, 85
4731, 57, 54, 88
4732, 83, 26, 46
4733, 10, 61, 41
4734, 98, 4, 31
4735, 22, 49, 63
4736, 34, 54, 67
4737, 74, 29, 54
4738, 19, 93, 22
4739, 66, 24, 46
4740, 0, 59, 30
4741, 10, 30, 52
4742, 46, 71, 23
4743, 77, 31, 73
4744, 12, 21, 52
4745, 27, 29, 35
4746, 65, 52, 16
4747, 97, 74, 66
4748, 26, 27, 82
4749, 12, 59, 95
4750, 78, 100, 47
4751, 51, 81, 98
4752, 67, 62, 73
4753, 100, 91, 48
4754, 54, 1, 40
4755, 33, 30, 16
4756, 57, 8, 43
4757, 4, 32, 43
4758, 96, 25, 78
4759, 66, 32, 36
4760, 87, 34, 22
4761, 3, 31, 82
4762, 46, 62, 2
4763, 87, 72, 11
4764, 78, 25, 20
4765, 98, 89, 59
4766, 58, 39, 87
4767, 10, 15, 78
4768, 54, 25, 85
4769, 87, 49, 79
4770, 73, 84, 43
4771, 68, 89, 52
4772, 45, 44, 1
4773, 89, 88, 88
4774, 50, 21, 32
4775, 23, 57, 8
4776, 48, 74, 99
4777, 64, 33, 7
4778, 58, 20, 97
4779, 98, 91, 9
4780, 93, 41, 95
4781, 68, 39, 34
4782, 29, 23, 11
4783, 57, 31, 4
4784, 80, 69, 57
4785, 9, 18, 54
4786, 8, 18, 16
4787, 63, 9, 28
4788, 72, 58, 26
4789, 2, 29, 31
4790, 84, 42, 14
4791, 10, 44, 67
4792, 33, 62, 53
4793, 14, 38, 60
4794, 42, 59, 96
4795, 47, 91, 60
4796, 20, 52, 89
4797, 78, 60, 40
4798, 15, 87, 45
4799, 11, 37, 80
4800, 16, 83, 71
4801, 6, 84, 43
4802, 6, 29, 77
4803, 92, 47, 80
4804, 43, 48, 70
4805, 60, 72, 60
4806, 78, 98, 40
4807, 65, 90, 87
4808, 11, 70, 79
4809, 46, 77, 29
4810, 66, 42, 22
4811, 85, 74, 83
4812, 52, 60, 85
4813, 27, 20, 22
4814, 90, 21, 83
4815, 24, 23, 74
4816, 47, 84, 50
4817, 43, 36, 10
4818, 7, 64, 66
4819, 56, 28, 57
4820, 11, 85, 43
4821, 16, 57, 36
4822, 96, 65, 72
4823, 97, 29, 17
4824, 3, 44, 72
4825, 100, 36, 81
4826, 43, 13, 19
4827, 19, 93, 88
4828, 28, 90, 14
4829, 99, 10, 81
4830, 28, 16, 36
4831, 22, 58, 59
4832, 52, 100, 15
4833, 73, 4, 58
4834, 39, 92, 19
4835, 40, 54, 59
4836, 4, 37, 70
4837, 58, 80, 68
4838, 70, 88, 0
4839, 25, 76, 92
4840, 59, 45, 40
4841, 16, 73, 8
4842, 81, 54, 59
4843, 59, 45, 54
4844, 55, 9, 74
4845, 33, 16, 27
4846, 22, 64, 67
4847, 3, 99, 42
4848, 96, 9, 71
4849, 4, 15, 62
4850, 91, 56, 41
4851, 60, 98, 50
4852, 92, 69, 30
4853, 20, 95, 39
4854, 75, 47, 23
4855, 71, 84, 48
4856, 59, 45, 47
4857, 7, 85, 67
4858, 9, 10, 39
4859, 1, 59, 77
4860, 29, 5, 17
4861, 32, 14, 28
4862, 98, 24, 18
4863, 12, 74, 73
4864, 52, 65, 98
4865, 36, 54, 89
4866, 6, 1, 1
4867, 83, 11, 88
4868, 94, 80, 93
4869, 77, 22, 28
4870, 87, 5, 92
4871, 61, 38, 18
4872, 14, 84, 96
4873, 46, 84, 80
4874, 79, 77, 59
4875, 95, 98, 89
4876, 94, 74, 9
4877, 55, 74, 67
4878, 29, 93, 22
4879, 90, 66, 8
4880, 40, 74, 8
4881, 1, 58, 24
4882, 70, 89, 98
4883, 49, 75, 66
4884, 19, 2, 39
4885, 79, 82, 95
4886, 11, 44, 34
4887, 48, 58, 50
4888, 76, 38, 21
4889, 34, 25, 74
4890, 98, 73, 39
4891, 86, 26, 19
4892, 10, 85, 70
4893, 53, 57, 28
4894, 80, 68, 92
4895, 98, 47, 17
4896, 52, 99, 20
4897, 83, 78, 9
4898, 26, 96, 39
4899, 21, 80, 10
4900, 52, 49, 85
4901, 23, 5, 78
4902, 46, 91, 18
4903, 22, 52, 94
4904, 21, 39, 52
4905, 48, 38, 79
4906, 18, 13, 59
4907, 64, 0, 5
4908, 43, 74, 8
4909, 64, 11, 81
4910, 33, 23, 21
4911, 39, 98, 9
4912, 32, 66, 43
4913, 15, 35, 84
4914, 8, 44, 88
4915, 64, 97, 88
4916, 32, 24, 5
4917, 61, 35, 6
4918, 81, 96, 84
4919, 64, 4, 84
4920, 19, 13, 82
4921, 53, 72, 0
4922, 33, 69, 43
4923, 10, 40, 74
4924, 82, 87, 15
4925, 81, 48, 28
4926, 40, 76, 67
4927, 55, 77, 87
4928, 73, 95, 75
4929, 35, 58, 39
4930, 45, 81, 51
4931, 80, 60, 73
4932, 82, 0, 100
4933, 8, 55, 28
4934, 88, 73, 43
4935, 91, 47, 46
4936, 61, 87, 51
4937, 9, 4, 60
4938, 53, 75, 57
4939, 74, 42, 93
4940, 62, 52, 50
4941, 63, 91, 99
4942, 21, 15, 93
4943, 53, 77, 91
4944, 91, 4, 5
4945, 93, 25, 11
4946, 1, 0, 53
4947, 63, 17, 100
4948, 52, 75, 7
4949, 98, 71, 36
4950, 93, 56, 75
4951, 37, 69, 93
4952, 9, 78, 55
4953, 39, 46, 28
4954, 59, 43, 54
4955, 45, 77, 99
4956, 100, 71, 99
4957, 12, 7, 51
4958, 19, 19, 21
4959, 36, 4, 92
4960, 53, 36, 2
4961, 76, 13, 26
4962, 56, 29, 27
4963, 28, 83, 8
4964, 52, 62, 80
4965, 60, 91, 72
4966, 86, 75, 83
4967, 2, 59, 54
4968, 2, 47, 16
4969, 1, 51, 11
4970, 1, 75, 98
4971, 3, 50, 28
4972, 95, 73, 81
4973, 55, 60, 6
4974, 22, 69, 46
4975, 77, 73, 5
4976, 87, 69, 14
4977, 91, 20, 27
4978, 89, 33, 27
4979, 81, 17, 30
4980, 78, 8, 66
4981, 100, 88, 76
4982, 81, 61, 25
4983, 14, 69, 75
4984, 26, 40, 57
4985, 77, 62, 5
4986, 81, 24, 10
4987, 64, 16, 72
4988, 88, 18, 31
4989, 98, 36, 73
4990, 43, 82, 10
4991, 77, 3, 4
4992, 30, 83, 9
4993, 97, 60, 20
4994, 30, 85, 75
4995, 30, 26, 72
4996, 36, 34, 82
4997, 42, 26, 60
4998, 62, 29, 51
4999, 1, 36, 64
